analysis/data/sampleData/ER15_2009.cnv
* Sea-Bird SBE 9 Data File:
* FileName = C:\Data Files\EPA DATA\2009 Data\Summer Survey\Erie\ER15M.hex
* Software Version Seasave V 7.18c
* Temperature SN = 1554
* Conductivity SN = 2244
* Number of Bytes Per Scan = 34
* Number of Voltage Words = 5
* Number of Scans Averaged by the Deck Unit = 1
* NMEA Latitude = 42 30.99 N
* NMEA Longitude = 079 53.58 W
* NMEA UTC (Time) = Aug 19 2009 21:19:53
** Ship: Lake Guardian 
** Cruise: Summer Survey 2009 
** Station:  ER15M
# nquan = 17
# nvalues = 22106                   
# units = specified
# name 0 = depFM: Depth [fresh water, m]
# name 1 = t090C: Temperature [ITS-90, deg C]
# name 2 = c0uS/cm: Conductivity [uS/cm]
# name 3 = sbeox0Mg/L: Oxygen, SBE 43 [mg/l]
# name 4 = par: PAR/Irradiance, Biospherical/Licor
# name 5 = ph: pH
# name 6 = altM: Altimeter [m]
# name 7 = bat: Beam Attenuation, Chelsea/Seatech/Wetlab CStar [1/m]
# name 8 = bat1: Beam Attenuation, Chelsea/Seatech/Wetlab CStar, 2 [1/m]
# name 9 = xmiss: Beam Transmission, Chelsea/Seatech/Wetlab CStar [%]
# name 10 = xmiss1: Beam Transmission, Chelsea/Seatech/Wetlab CStar, 2 [%]
# name 11 = prDE: Pressure, Digiquartz [psi]
# name 12 = ptempC: Pressure Temperature [deg C]
# name 13 = flSP: Fluorescence, Seapoint
# name 14 = specc: Specific Conductance [uS/cm]
# name 15 = spar: SPAR/Surface Irradiance
# name 16 = flag:  0.000e+00
# span 0 =      0.267,     62.025       
# span 1 =     5.0944,    24.6772       
# span 2 =  18.901669, 283.753939       
# span 3 =   -3.49121,   -2.27309       
# span 4 = 1.0000e-12, 4.2050e+03       
# span 5 =      4.621,     16.828       
# span 6 =       0.00,     100.00       
# span 7 =     2.1782,     6.2880       
# span 8 =     0.2433,     3.7327       
# span 9 =    53.3232,    80.4269       
# span 10 =    39.3304,    94.0978      
# span 11 =      0.379,     88.221      
# span 12 =      25.16,      25.51      
# span 13 = 1.0000e+00, 2.6239e+00      
# span 14 =     21.023,    297.553      
# span 15 = 1.5610e+03, 1.6290e+03      
# span 16 = 0.0000e+00, 0.0000e+00      
# interval = seconds: 0.0416667                   
# start_time = Aug 19 2009 16:21:55
# bad_flag = -9.990e-29
*END*
[from data line 9873]
     61.852     5.1608 178.943265   -3.48434 3.9338e-03     16.826       0.98     4.5203     0.2594    63.6333    93.7220     87.975      25.45 1.0855e+00    296.637 1.5870e+03  0.000e+00
     61.852     5.1584 178.974269   -3.48459 3.1914e-03     16.826       0.98     4.5203     0.2605    63.6333    93.6951     87.975      25.45 1.0855e+00    296.712 1.5870e+03  0.000e+00
     61.852     5.1559 178.943268   -3.48484 3.1914e-03     16.826       0.98     4.5154     0.2605    63.6650    93.6951     87.975      25.45 1.0855e+00    296.685 1.5870e+03  0.000e+00
     61.852     5.1502 179.005276   -3.48542 3.1914e-03     16.826       0.98     4.5203     0.2616    63.6333    93.6683     87.975      25.45 1.0855e+00    296.844 1.5870e+03  0.000e+00
     61.798     5.1457 179.005278   -3.48585 3.1914e-03     16.827       0.98     4.5203     0.2616    63.6333    93.6683     87.897      25.45 1.0855e+00    296.888 1.5870e+03  0.000e+00
     61.852     5.1476 178.974275   -3.48569 3.1914e-03     16.827       0.98     4.5203     0.2594    63.6333    93.7220     87.975      25.45 1.0855e+00    296.818 1.5870e+03  0.000e+00
     61.852     5.1504 178.943271   -3.48540 3.1914e-03     16.826       0.98     4.5203     0.2582    63.6333    93.7488     87.975      25.45 1.0855e+00    296.739 1.5870e+03  0.000e+00
     61.852     5.1505 178.943271   -3.48539 3.1914e-03     16.826       0.98     4.5154     0.2559    63.6650    93.8025     87.975      25.45 1.0855e+00    296.738 1.5870e+03  0.000e+00
     61.852     5.1496 178.943272   -3.48548 3.1914e-03     16.827       0.98     4.5154     0.2548    63.6650    93.8293     87.975      25.45 1.0855e+00    296.747 1.5870e+03  0.000e+00
     61.852     5.1458 178.943274   -3.48587 3.9338e-03     16.827       0.98     4.5154     0.2548    63.6650    93.8293     87.975      25.45 1.0855e+00    296.784 1.5870e+03  0.000e+00
     61.852     5.1412 178.881272   -3.48634 3.1914e-03     16.827       0.98     4.5203     0.2548    63.6333    93.8293     87.975      25.45 1.0855e+00    296.726 1.5870e+03  0.000e+00
     61.852     5.1367 179.036286   -3.48680 3.1914e-03     16.827       0.98     4.5154     0.2536    63.6650    93.8562     87.975      25.45 1.0855e+00    297.029 1.5870e+03  0.000e+00
     61.852     5.1344 179.036288   -3.48703 3.1914e-03     16.827       0.98     4.5154     0.2548    63.6650    93.8293     87.975      25.45 1.0855e+00    297.050 1.5870e+03  0.000e+00
     61.852     5.1391 178.974280   -3.48655 3.1914e-03     16.827       0.98     4.5154     0.2559    63.6650    93.8025     87.975      25.45 1.0855e+00    296.901 1.5870e+03  0.000e+00
     61.852     5.1460 178.974276   -3.48585 3.1914e-03     16.827       0.98     4.5154     0.2559    63.6650    93.8025     87.975      25.45 1.0855e+00    296.834 1.5870e+03  0.000e+00
     61.798     5.1517 178.974272   -3.48524 3.1914e-03     16.826       0.98     4.5154     0.2548    63.6650    93.8293     87.897      25.45 1.0855e+00    296.777 1.5870e+03  0.000e+00
     61.852     5.1556 179.036275   -3.48486 3.1914e-03     16.826       0.98     4.5154     0.2548    63.6650    93.8293     87.975      25.45 1.0855e+00    296.841 1.5870e+03  0.000e+00
     61.852     5.1582 179.067276   -3.48460 3.9338e-03     16.826       0.98     4.5154     0.2548    63.6650    93.8293     87.975      25.45 1.0855e+00    296.868 1.5890e+03  0.000e+00
     61.852     5.1595 179.005271   -3.48448 3.1914e-03     16.826       0.98     4.5154     0.2536    63.6650    93.8562     87.974      25.45 1.0855e+00    296.752 1.5870e+03  0.000e+00
     61.852     5.1601 178.974268   -3.48441 3.1914e-03     16.826       0.98     4.5154     0.2548    63.6650    93.8293     87.974      25.45 1.0855e+00    296.694 1.5870e+03  0.000e+00
     61.852     5.1619 179.036272   -3.48423 3.1914e-03     16.826       0.98     4.5154     0.2536    63.6650    93.8562     87.974      25.45 1.0855e+00    296.780 1.5890e+03  0.000e+00
     61.852     5.1629 178.912262   -3.48413 3.1914e-03     16.826       0.98     4.5154     0.2536    63.6650    93.8562     87.974      25.45 1.0855e+00    296.565 1.5870e+03  0.000e+00
     61.852     5.1633 178.850257   -3.48408 3.1914e-03     16.826       0.98     4.5154     0.2548    63.6650    93.8293     87.974      25.45 1.0855e+00    296.457 1.5870e+03  0.000e+00
     61.852     5.1642 178.881259   -3.48400 3.1914e-03     16.826       0.98     4.5104     0.2536    63.6966    93.8562     87.974      25.45 1.0977e+00    296.501 1.5870e+03  0.000e+00
     61.852     5.1650 178.912261   -3.48392 3.1914e-03     16.826       1.00     4.5154     0.2536    63.6650    93.8562     87.974      25.45 1.0977e+00    296.544 1.5890e+03  0.000e+00
     61.852     5.1661 179.005267   -3.48380 3.1914e-03     16.826       1.03     4.5154     0.2536    63.6650    93.8562     87.974      25.45 1.0855e+00    296.687 1.5870e+03  0.000e+00
     61.798     5.1655 179.005266   -3.48384 3.1914e-03     16.826       1.03     4.5154     0.2525    63.6650    93.8830     87.897      25.45 1.0977e+00    296.694 1.5870e+03  0.000e+00
     61.852     5.1655 179.036270   -3.48387 3.1914e-03     16.826       1.03     4.5203     0.2525    63.6333    93.8830     87.974      25.45 1.0855e+00    296.745 1.5870e+03  0.000e+00
     61.852     5.1645 179.005268   -3.48396 3.1914e-03     16.826       1.03     4.5154     0.2536    63.6650    93.8562     87.974      25.45 1.0855e+00    296.703 1.5870e+03  0.000e+00
     61.852     5.1635 179.191283   -3.48406 3.1914e-03     16.826       1.03     4.5104     0.2582    63.6966    93.7488     87.974      25.45 1.0855e+00    297.021 1.5870e+03  0.000e+00
     61.798     5.1641 179.129277   -3.48397 3.1914e-03     16.826       1.03     4.5154     0.2628    63.6650    93.6414     87.897      25.45 1.0855e+00    296.912 1.5850e+03  0.000e+00
     61.891     5.1637 179.067274   -3.48406 3.1914e-03     16.826       1.00     4.5104     0.2639    63.6966    93.6146     88.030      25.45 1.0855e+00    296.814 1.5870e+03  0.000e+00
     61.852     5.1617 179.098276   -3.48424 3.9338e-03     16.826       1.00     4.5154     0.2639    63.6650    93.6146     87.974      25.45 1.0855e+00    296.884 1.5870e+03  0.000e+00
     61.852     5.1592 179.098278   -3.48450 3.1914e-03     16.826       1.03     4.5154     0.2628    63.6650    93.6414     87.974      25.45 1.0855e+00    296.909 1.5870e+03  0.000e+00
     61.852     5.1524 179.160287   -3.48520 3.9338e-03     16.826       1.00     4.5154     0.2628    63.6650    93.6414     87.974      25.45 1.0855e+00    297.079 1.5870e+03  0.000e+00
     61.852     5.1437 179.098287   -3.48608 3.1914e-03     16.827       1.00     4.5104     0.2628    63.6966    93.6414     87.974      25.45 1.0855e+00    297.062 1.5850e+03  0.000e+00
     61.798     5.1357 179.067288   -3.48687 3.1914e-03     16.827       1.03     4.5154     0.2628    63.6650    93.6414     87.897      25.45 1.0855e+00    297.089 1.5870e+03  0.000e+00
     61.852     5.1291 179.005288   -3.48758 3.9338e-03     16.827       1.03     4.5154     0.2628    63.6650    93.6414     87.974      25.45 1.0733e+00    297.052 1.5870e+03  0.000e+00
     61.852     5.1254 179.036293   -3.48795 3.9338e-03     16.827       1.03     4.5154     0.2628    63.6650    93.6414     87.974      25.45 1.0733e+00    297.139 1.5870e+03  0.000e+00
     61.852     5.1307 179.098295   -3.48741 3.9338e-03     16.827       1.00     4.5154     0.2628    63.6650    93.6414     87.974      25.45 1.0733e+00    297.190 1.5870e+03  0.000e+00
     61.798     5.1362 178.974281   -3.48683 3.1914e-03     16.827       1.03     4.5154     0.2616    63.6650    93.6683     87.897      25.45 1.0855e+00    296.930 1.5870e+03  0.000e+00
     61.852     5.1419 178.943276   -3.48627 3.1914e-03     16.827       1.03     4.5154     0.2605    63.6650    93.6951     87.974      25.45 1.0855e+00    296.823 1.5870e+03  0.000e+00
     61.852     5.1445 178.943275   -3.48600 3.1914e-03     16.827       1.00     4.5154     0.2594    63.6650    93.7220     87.974      25.45 1.0733e+00    296.797 1.5870e+03  0.000e+00
     61.852     5.1423 178.912274   -3.48622 3.1914e-03     16.827       1.00     4.5154     0.2571    63.6650    93.7757     87.974      25.45 1.0855e+00    296.767 1.5870e+03  0.000e+00
     61.852     5.1431 178.881271   -3.48615 3.1914e-03     16.827       1.03     4.5154     0.2559    63.6650    93.8025     87.974      25.45 1.0855e+00    296.708 1.5870e+03  0.000e+00
     61.852     5.1459 179.005279   -3.48586 3.1914e-03     16.827       1.03     4.5104     0.2559    63.6966    93.8025     87.974      25.45 1.0855e+00    296.886 1.5870e+03  0.000e+00
     61.852     5.1486 179.005277   -3.48559 3.9338e-03     16.827       1.03     4.5154     0.2548    63.6650    93.8293     87.974      25.45 1.0855e+00    296.860 1.5870e+03  0.000e+00
     61.797     5.1495 178.974273   -3.48547 3.1914e-03     16.827       1.00     4.5154     0.2548    63.6650    93.8293     87.897      25.45 1.0855e+00    296.800 1.5850e+03  0.000e+00
     61.852     5.1514 178.974273   -3.48529 3.1914e-03     16.826       1.03     4.5104     0.2536    63.6966    93.8562     87.974      25.45 1.0855e+00    296.780 1.5850e+03  0.000e+00
     61.797     5.1545 179.067277   -3.48496 3.1914e-03     16.826       1.03     4.5104     0.2536    63.6966    93.8562     87.897      25.45 1.0855e+00    296.905 1.5850e+03  0.000e+00
     61.852     5.1547 179.036276   -3.48497 3.1914e-03     16.826       1.03     4.5154     0.2536    63.6650    93.8562     87.974      25.45 1.0855e+00    296.851 1.5850e+03  0.000e+00
     61.852     5.1540 178.943269   -3.48504 3.1914e-03     16.826       1.03     4.5154     0.2536    63.6650    93.8562     87.974      25.45 1.0733e+00    296.704 1.5850e+03  0.000e+00
     61.852     5.1547 179.098281   -3.48496 3.1914e-03     16.826       1.00     4.5154     0.2536    63.6650    93.8562     87.974      25.45 1.0733e+00    296.954 1.5850e+03  0.000e+00
     61.852     5.1545 179.098281   -3.48498 3.1914e-03     16.826       1.03     4.5154     0.2525    63.6650    93.8830     87.974      25.45 1.0733e+00    296.956 1.5850e+03  0.000e+00
     61.797     5.1547 179.005273   -3.48494 3.9338e-03     16.826       1.00     4.5154     0.2525    63.6650    93.8830     87.897      25.45 1.0733e+00    296.800 1.5850e+03  0.000e+00
     61.852     5.1577 178.974269   -3.48466 3.1914e-03     16.826       1.03     4.5104     0.2525    63.6966    93.8830     87.974      25.45 1.0855e+00    296.719 1.5850e+03  0.000e+00
     61.852     5.1601 178.974268   -3.48441 3.1914e-03     16.826       1.00     4.5104     0.2536    63.6966    93.8562     87.974      25.45 1.0855e+00    296.694 1.5850e+03  0.000e+00
     61.852     5.1632 178.974266   -3.48410 3.1914e-03     16.826       1.03     4.5104     0.2536    63.6966    93.8562     87.974      25.45 1.0855e+00    296.664 1.5850e+03  0.000e+00
     61.797     5.1642 179.129277   -3.48397 3.1914e-03     16.826       1.03     4.5104     0.2548    63.6966    93.8293     87.897      25.45 1.0855e+00    296.912 1.5870e+03  0.000e+00
     61.852     5.1632 179.005268   -3.48409 3.1914e-03     16.826       1.00     4.5154     0.2548    63.6650    93.8293     87.974      25.45 1.0855e+00    296.716 1.5870e+03  0.000e+00
     61.797     5.1604 178.819256   -3.48436 3.1914e-03     16.826       1.00     4.5154     0.2536    63.6650    93.8562     87.897      25.45 1.0855e+00    296.434 1.5870e+03  0.000e+00
     61.852     5.1573 178.850261   -3.48471 3.1914e-03     16.826       1.00     4.5154     0.2548    63.6650    93.8293     87.974      25.45 1.0855e+00    296.517 1.5870e+03  0.000e+00
     61.852     5.1541 178.912267   -3.48502 3.1914e-03     16.826       1.03     4.5154     0.2536    63.6650    93.8562     87.974      25.45 1.0855e+00    296.651 1.5870e+03  0.000e+00
     61.852     5.1534 179.067279   -3.48510 3.1914e-03     16.826       1.03     4.5154     0.2536    63.6650    93.8562     87.974      25.45 1.0855e+00    296.915 1.5870e+03  0.000e+00
     61.852     5.1575 179.036274   -3.48467 3.1914e-03     16.826       1.00     4.5154     0.2548    63.6650    93.8293     87.974      25.45 1.0855e+00    296.823 1.5850e+03  0.000e+00
     61.797     5.1637 178.974265   -3.48402 3.1914e-03     16.826       1.03     4.5154     0.2548    63.6650    93.8293     87.897      25.45 1.0855e+00    296.660 1.5850e+03  0.000e+00
     61.852     5.1722 179.036266   -3.48318 3.9338e-03     16.826       1.00     4.5203     0.2571    63.6333    93.7757     87.974      25.45 1.0733e+00    296.678 1.5870e+03  0.000e+00
     61.852     5.1753 179.098269   -3.48286 3.1914e-03     16.826       1.03     4.5154     0.2559    63.6650    93.8025     87.974      25.45 1.0855e+00    296.751 1.5850e+03  0.000e+00
     61.852     5.1727 179.036265   -3.48313 3.1914e-03     16.826       1.03     4.5154     0.2559    63.6650    93.8025     87.974      25.45 1.0855e+00    296.673 1.5850e+03  0.000e+00
     61.797     5.1675 179.067270   -3.48363 3.1914e-03     16.826       1.00     4.5104     0.2571    63.6966    93.7757     87.896      25.45 1.0855e+00    296.776 1.5870e+03  0.000e+00
     61.852     5.1627 179.036271   -3.48414 3.1914e-03     16.826       1.00     4.5154     0.2571    63.6650    93.7757     87.974      25.45 1.0855e+00    296.772 1.5850e+03  0.000e+00
     61.743     5.1593 179.036271   -3.48444 3.1914e-03     16.826       1.03     4.5154     0.2571    63.6650    93.7757     87.819      25.45 1.0855e+00    296.805 1.5870e+03  0.000e+00
     61.914     5.1572 179.067278   -3.48473 3.1914e-03     16.826       1.00     4.5154     0.2571    63.6650    93.7757     88.063      25.45 1.0977e+00    296.878 1.5850e+03  0.000e+00
     61.852     5.1569 179.067277   -3.48473 3.1914e-03     16.826       1.00     4.5203     0.2571    63.6333    93.7757     87.974      25.45 1.0855e+00    296.880 1.5870e+03  0.000e+00
     61.852     5.1621 179.067274   -3.48421 3.1914e-03     16.826       1.03     4.5154     0.2559    63.6650    93.8025     87.974      25.45 1.0855e+00    296.830 1.5850e+03  0.000e+00
     61.852     5.1661 179.067272   -3.48380 3.1914e-03     16.826       1.03     4.5154     0.2559    63.6650    93.8025     87.974      25.45 1.0855e+00    296.790 1.5870e+03  0.000e+00
     61.797     5.1666 179.098273   -3.48373 3.1914e-03     16.826       1.00     4.5154     0.2559    63.6650    93.8025     87.896      25.45 1.0855e+00    296.837 1.5870e+03  0.000e+00
     61.852     5.1641 179.098275   -3.48400 3.1914e-03     16.826       1.00     4.5154     0.2571    63.6650    93.7757     87.974      25.45 1.0855e+00    296.861 1.5870e+03  0.000e+00
     61.852     5.1634 179.098276   -3.48408 3.1914e-03     16.826       1.03     4.5154     0.2582    63.6650    93.7488     87.974      25.45 1.0855e+00    296.868 1.5870e+03  0.000e+00
     61.852     5.1633 179.160281   -3.48408 3.1914e-03     16.826       1.03     4.5154     0.2594    63.6650    93.7220     87.974      25.45 1.0855e+00    296.971 1.5870e+03  0.000e+00
     61.797     5.1635 179.098275   -3.48404 3.1914e-03     16.826       1.00     4.5154     0.2605    63.6650    93.6951     87.896      25.45 1.0855e+00    296.867 1.5870e+03  0.000e+00
     61.852     5.1667 179.067271   -3.48374 3.1914e-03     16.826       1.00     4.5154     0.2616    63.6650    93.6683     87.974      25.45 1.0977e+00    296.784 1.5870e+03  0.000e+00
     61.852     5.1708 179.067269   -3.48332 3.1914e-03     16.826       1.03     4.5154     0.2628    63.6650    93.6414     87.974      25.45 1.0855e+00    296.744 1.5870e+03  0.000e+00
     61.797     5.1725 179.067267   -3.48312 3.1914e-03     16.826       1.03     4.5154     0.2616    63.6650    93.6683     87.896      25.45 1.0855e+00    296.727 1.5870e+03  0.000e+00
