analysis/data/sampleData/ER15_2009.cnv
* Sea-Bird SBE 9 Data File:
* FileName = C:\Data Files\EPA DATA\2009 Data\Summer Survey\Erie\ER15M.hex
* Software Version Seasave V 7.18c
* Temperature SN = 1554
* Conductivity SN = 2244
* Number of Bytes Per Scan = 34
* Number of Voltage Words = 5
* Number of Scans Averaged by the Deck Unit = 1
* NMEA Latitude = 42 30.99 N
* NMEA Longitude = 079 53.58 W
* NMEA UTC (Time) = Aug 19 2009 21:19:53
** Ship: Lake Guardian 
** Cruise: Summer Survey 2009 
** Station:  ER15M
# nquan = 17
# nvalues = 22106                   
# units = specified
# name 0 = depFM: Depth [fresh water, m]
# name 1 = t090C: Temperature [ITS-90, deg C]
# name 2 = c0uS/cm: Conductivity [uS/cm]
# name 3 = sbeox0Mg/L: Oxygen, SBE 43 [mg/l]
# name 4 = par: PAR/Irradiance, Biospherical/Licor
# name 5 = ph: pH
# name 6 = altM: Altimeter [m]
# name 7 = bat: Beam Attenuation, Chelsea/Seatech/Wetlab CStar [1/m]
# name 8 = bat1: Beam Attenuation, Chelsea/Seatech/Wetlab CStar, 2 [1/m]
# name 9 = xmiss: Beam Transmission, Chelsea/Seatech/Wetlab CStar [%]
# name 10 = xmiss1: Beam Transmission, Chelsea/Seatech/Wetlab CStar, 2 [%]
# name 11 = prDE: Pressure, Digiquartz [psi]
# name 12 = ptempC: Pressure Temperature [deg C]
# name 13 = flSP: Fluorescence, Seapoint
# name 14 = specc: Specific Conductance [uS/cm]
# name 15 = spar: SPAR/Surface Irradiance
# name 16 = flag:  0.000e+00
# span 0 =      0.267,     62.025       
# span 1 =     5.0944,    24.6772       
# span 2 =  18.901669, 283.753939       
# span 3 =   -3.49121,   -2.27309       
# span 4 = 1.0000e-12, 4.2050e+03       
# span 5 =      4.621,     16.828       
# span 6 =       0.00,     100.00       
# span 7 =     2.1782,     6.2880       
# span 8 =     0.2433,     3.7327       
# span 9 =    53.3232,    80.4269       
# span 10 =    39.3304,    94.0978      
# span 11 =      0.379,     88.221      
# span 12 =      25.16,      25.51      
# span 13 = 1.0000e+00, 2.6239e+00      
# span 14 =     21.023,    297.553      
# span 15 = 1.5610e+03, 1.6290e+03      
# span 16 = 0.0000e+00, 0.0000e+00      
# interval = seconds: 0.0416667                   
# start_time = Aug 19 2009 16:21:55
# bad_flag = -9.990e-29
*END*
[from data line 2043]
      2.035    24.3213 271.887818   -2.28597 1.1503e+03     16.193      62.74     5.9440     0.7152    55.1891    83.6276      2.894      25.50 1.4396e+00    275.597 1.6230e+03  0.000e+00
      2.004    24.3198 271.700999   -2.28601 1.1999e+03     16.193      62.74     5.9498     0.7139    55.1575    83.6544      2.850      25.50 1.4640e+00    275.415 1.6230e+03  0.000e+00
      2.004    24.3198 271.825545   -2.28601 1.2657e+03     16.193      62.74     5.9498     0.7126    55.1575    83.6813      2.850      25.50 1.4884e+00    275.542 1.6230e+03  0.000e+00
      2.004    24.3229 271.794406   -2.28590 1.2586e+03     16.193      62.74     5.9612     0.7101    55.0942    83.7350      2.850      25.50 1.4884e+00    275.493 1.6230e+03  0.000e+00
      1.980    24.3285 271.763264   -2.28569 1.2272e+03     16.193      62.74     5.9727     0.7101    55.0310    83.7350      2.817      25.50 1.4884e+00    275.430 1.6230e+03  0.000e+00
      2.004    24.3354 271.763258   -2.28545 1.1965e+03     16.193      62.74     5.9785     0.7101    54.9994    83.7350      2.850      25.51 1.4884e+00    275.392 1.6210e+03  0.000e+00
      2.004    24.3459 271.763249   -2.28507 1.1439e+03     16.192      62.74     5.9842     0.7126    54.9677    83.6813      2.850      25.50 1.2686e+00    275.333 1.6230e+03  0.000e+00
      2.004    24.3613 271.763236   -2.28451 1.1247e+03     16.192      62.74     5.9900     0.7139    54.9361    83.6544      2.850      25.50 1.0611e+00    275.247 1.6210e+03  0.000e+00
      2.035    24.3789 271.918904   -2.28389 1.1600e+03     16.191      62.74     5.9958     0.7139    54.9045    83.6544      2.894      25.50 1.1465e+00    275.307 1.6210e+03  0.000e+00
      2.004    24.3967 272.012298   -2.28324 1.1931e+03     16.191      62.74     6.0015     0.7126    54.8729    83.6813      2.850      25.50 1.2564e+00    275.302 1.6230e+03  0.000e+00
      2.004    24.4146 272.074556   -2.28259 1.1898e+03     16.190      62.74     6.0073     0.7126    54.8412    83.6813      2.850      25.50 1.3053e+00    275.265 1.6230e+03  0.000e+00
      2.004    24.4332 272.012266   -2.28192 1.1965e+03     16.190      62.74     6.0130     0.7113    54.8096    83.7081      2.850      25.50 1.3785e+00    275.098 1.6230e+03  0.000e+00
      2.035    24.4533 271.981112   -2.28121 1.2764e+03     16.189      62.76     6.0246     0.7113    54.7464    83.7081      2.894      25.50 1.4518e+00    274.955 1.6230e+03  0.000e+00
      2.004    24.4722 271.981094   -2.28052 1.3389e+03     16.188      62.78     6.0304     0.7126    54.7147    83.6813      2.850      25.50 1.4518e+00    274.850 1.6230e+03  0.000e+00
      2.004    24.4874 271.981081   -2.27997 1.2982e+03     16.188      62.78     6.0362     0.7126    54.6831    83.6813      2.850      25.51 1.4029e+00    274.766 1.6210e+03  0.000e+00
      2.058    24.4965 271.981074   -2.27966 1.2169e+03     16.188      62.78     6.0419     0.7113    54.6515    83.7081      2.927      25.50 1.4029e+00    274.715 1.6230e+03  0.000e+00
      1.980    24.5003 271.794249   -2.27951 1.1503e+03     16.188      62.78     6.0477     0.7101    54.6198    83.7350      2.817      25.50 1.4396e+00    274.506 1.6210e+03  0.000e+00
      2.004    24.5052 271.825382   -2.27934 1.1121e+03     16.187      62.76     6.0535     0.7088    54.5882    83.7618      2.850      25.50 1.4396e+00    274.510 1.6210e+03  0.000e+00
      2.004    24.5125 271.794238   -2.27907 1.0966e+03     16.187      62.76     6.0593     0.7075    54.5566    83.7887      2.850      25.50 1.4274e+00    274.437 1.6210e+03  0.000e+00
      2.058    24.5199 271.763097   -2.27883 1.1184e+03     16.187      62.76     6.0651     0.7062    54.5250    83.8155      2.927      25.50 1.4396e+00    274.365 1.6230e+03  0.000e+00
      1.980    24.5278 271.981045   -2.27852 1.2032e+03     16.187      62.76     6.0709     0.7062    54.4933    83.8155      2.817      25.50 1.4396e+00    274.542 1.6230e+03  0.000e+00
      2.004    24.5340 272.074450   -2.27830 1.3314e+03     16.186      62.76     6.0767     0.7075    54.4617    83.7887      2.850      25.50 1.4029e+00    274.601 1.6230e+03  0.000e+00
      2.058    24.5379 272.074448   -2.27818 1.4983e+03     16.186      62.78     6.0825     0.7101    54.4301    83.7350      2.927      25.50 1.3907e+00    274.580 1.6190e+03  0.000e+00
      2.004    24.5396 272.043308   -2.27810 1.5984e+03     16.186      62.81     6.0883     0.7113    54.3985    83.7081      2.850      25.50 1.3785e+00    274.539 1.6210e+03  0.000e+00
      2.004    24.5392 271.981035   -2.27812 1.6673e+03     16.186      62.81     6.0883     0.7113    54.3985    83.7081      2.850      25.51 1.3785e+00    274.478 1.6210e+03  0.000e+00
      1.980    24.5369 272.043310   -2.27819 1.6626e+03     16.186      62.81     6.1000     0.7113    54.3352    83.7081      2.817      25.50 1.3907e+00    274.554 1.6210e+03  0.000e+00
      2.004    24.5355 272.012175   -2.27825 1.5761e+03     16.186      62.81     6.1058     0.7126    54.3036    83.6813      2.850      25.50 1.4029e+00    274.530 1.6230e+03  0.000e+00
      2.004    24.5347 271.981039   -2.27828 1.4774e+03     16.186      62.81     6.1116     0.7126    54.2720    83.6813      2.850      25.50 1.4029e+00    274.503 1.6210e+03  0.000e+00
      2.004    24.5361 272.012175   -2.27823 1.4045e+03     16.186      62.83     6.1116     0.7126    54.2720    83.6813      2.850      25.50 1.4029e+00    274.527 1.6190e+03  0.000e+00
      2.035    24.5378 271.856490   -2.27818 1.3503e+03     16.186      62.83     6.1175     0.7126    54.2403    83.6813      2.894      25.50 1.4151e+00    274.360 1.6210e+03  0.000e+00
      2.004    24.5406 271.794214   -2.27807 1.2982e+03     16.186      62.83     6.1233     0.7113    54.2087    83.7081      2.850      25.50 1.4151e+00    274.282 1.6210e+03  0.000e+00
      2.004    24.5428 271.794212   -2.27799 1.2376e+03     16.186      62.83     6.1291     0.7126    54.1771    83.6813      2.850      25.50 1.4151e+00    274.270 1.6230e+03  0.000e+00
      2.004    24.5455 271.856483   -2.27789 1.1765e+03     16.186      62.83     6.1291     0.7139    54.1771    83.6544      2.850      25.50 1.4029e+00    274.318 1.6210e+03  0.000e+00
      1.980    24.5471 271.887617   -2.27783 1.1342e+03     16.186      62.83     6.1350     0.7139    54.1455    83.6544      2.817      25.50 1.3907e+00    274.340 1.6210e+03  0.000e+00
      2.004    24.5494 271.918752   -2.27775 1.1279e+03     16.186      62.83     6.1350     0.7126    54.1455    83.6813      2.850      25.50 1.4029e+00    274.359 1.6210e+03  0.000e+00
      2.004    24.5498 272.012162   -2.27774 1.1406e+03     16.186      62.83     6.1408     0.7101    54.1138    83.7350      2.850      25.50 1.4274e+00    274.451 1.6210e+03  0.000e+00
      2.058    24.5439 272.043306   -2.27796 1.1439e+03     16.186      62.83     6.1408     0.7088    54.1138    83.7618      2.927      25.50 1.4274e+00    274.515 1.6190e+03  0.000e+00
      1.980    24.5300 272.012179   -2.27844 1.1600e+03     16.187      62.83     6.1467     0.7101    54.0822    83.7350      2.817      25.50 1.4274e+00    274.561 1.6210e+03  0.000e+00
      2.004    24.5122 272.074470   -2.27908 1.1568e+03     16.187      62.83     6.1467     0.7101    54.0822    83.7350      2.850      25.50 1.4396e+00    274.722 1.6210e+03  0.000e+00
      2.004    24.4928 271.949939   -2.27978 1.1568e+03     16.188      62.83     6.1525     0.7088    54.0506    83.7618      2.850      25.50 1.4274e+00    274.704 1.6230e+03  0.000e+00
      2.004    24.4741 271.918819   -2.28045 1.2272e+03     16.188      62.83     6.1584     0.7101    54.0190    83.7350      2.850      25.50 1.3785e+00    274.776 1.6230e+03  0.000e+00
      2.035    24.4578 271.949971   -2.28105 1.3733e+03     16.189      62.78     6.1642     0.7101    53.9873    83.7350      2.894      25.51 1.3663e+00    274.899 1.6230e+03  0.000e+00
      2.004    24.4441 271.918846   -2.28153 1.4609e+03     16.189      62.78     6.1642     0.7113    53.9873    83.7081      2.850      25.51 1.3541e+00    274.944 1.6210e+03  0.000e+00
      2.004    24.4319 271.825446   -2.28197 1.4365e+03     16.190      62.78     6.1701     0.7113    53.9557    83.7081      2.850      25.50 1.3419e+00    274.917 1.6210e+03  0.000e+00
      1.941    24.4222 271.856590   -2.28230 1.3694e+03     16.190      62.78     6.1701     0.7101    53.9557    83.7350      2.761      25.50 1.3785e+00    275.002 1.6190e+03  0.000e+00
      2.089    24.4137 271.887738   -2.28265 1.2982e+03     16.190      62.78     6.1759     0.7088    53.9241    83.7618      2.972      25.50 1.3663e+00    275.081 1.6190e+03  0.000e+00
      2.004    24.4066 271.887742   -2.28288 1.2272e+03     16.190      62.76     6.1759     0.7062    53.9241    83.8155      2.850      25.50 1.3663e+00    275.121 1.6210e+03  0.000e+00
      2.058    24.4010 271.981159   -2.28310 1.1999e+03     16.191      62.76     6.1759     0.7049    53.9241    83.8423      2.927      25.51 1.4029e+00    275.246 1.6210e+03  0.000e+00
      2.004    24.3959 272.012299   -2.28326 1.2376e+03     16.191      62.76     6.1818     0.7049    53.8924    83.8423      2.850      25.50 1.4151e+00    275.306 1.6230e+03  0.000e+00
      2.004    24.3912 272.074577   -2.28343 1.2341e+03     16.191      62.76     6.1818     0.7062    53.8924    83.8155      2.850      25.50 1.4396e+00    275.396 1.6230e+03  0.000e+00
      2.035    24.3882 272.074580   -2.28355 1.1999e+03     16.191      62.76     6.1818     0.7075    53.8924    83.7887      2.894      25.50 1.4518e+00    275.412 1.6210e+03  0.000e+00
      2.004    24.3847 271.981172   -2.28367 1.1999e+03     16.191      62.74     6.1935     0.7101    53.8292    83.7350      2.850      25.51 1.4518e+00    275.337 1.6230e+03  0.000e+00
      2.058    24.3810 272.012313   -2.28382 1.2203e+03     16.191      62.74     6.1994     0.7190    53.7976    83.5470      2.927      25.50 1.4518e+00    275.389 1.6230e+03  0.000e+00
      2.004    24.3749 272.043454   -2.28402 1.2729e+03     16.191      62.74     6.1994     0.7268    53.7976    83.3860      2.850      25.50 1.2808e+00    275.455 1.6230e+03  0.000e+00
      2.035    24.3711 271.981184   -2.28417 1.3128e+03     16.192      62.74     6.2053     0.7280    53.7659    83.3591      2.894      25.50 1.2320e+00    275.413 1.6250e+03  0.000e+00
      2.004    24.3844 271.950035   -2.28368 1.2945e+03     16.191      62.76     6.2053     0.7242    53.7659    83.4396      2.850      25.50 1.3053e+00    275.308 1.6230e+03  0.000e+00
      2.058    24.4117 272.012286   -2.28271 1.2445e+03     16.190      62.78     6.2053     0.7229    53.7659    83.4665      2.927      25.50 1.3541e+00    275.218 1.6230e+03  0.000e+00
      2.004    24.4408 272.043396   -2.28165 1.1999e+03     16.189      62.78     6.2112     0.7242    53.7343    83.4396      2.850      25.50 1.4029e+00    275.088 1.6230e+03  0.000e+00
      2.035    24.4631 272.012240   -2.28086 1.1699e+03     16.189      62.78     6.2171     0.7242    53.7027    83.4396      2.894      25.50 1.3419e+00    274.932 1.6210e+03  0.000e+00
      2.004    24.4801 272.136772   -2.28023 1.2203e+03     16.188      62.78     6.2230     0.7216    53.6711    83.4933      2.850      25.50 1.3541e+00    274.963 1.6230e+03  0.000e+00
      2.058    24.4943 272.199035   -2.27974 1.3427e+03     16.188      62.76     6.2289     0.7178    53.6394    83.5739      2.927      25.51 1.3663e+00    274.948 1.6230e+03  0.000e+00
      2.004    24.5046 272.199025   -2.27936 1.4691e+03     16.187      62.76     6.2348     0.7152    53.6078    83.6276      2.850      25.50 1.2198e+00    274.890 1.6230e+03  0.000e+00
      2.035    24.5115 272.167882   -2.27912 1.5026e+03     16.187      62.76     6.2407     0.7152    53.5762    83.6276      2.894      25.50 1.0000e+00    274.821 1.6230e+03  0.000e+00
      2.058    24.5159 272.167879   -2.27897 1.4365e+03     16.187      62.76     6.2407     0.7139    53.5762    83.6544      2.927      25.50 1.0000e+00    274.796 1.6230e+03  0.000e+00
      2.004    24.5204 272.199011   -2.27879 1.3617e+03     16.187      62.76     6.2525     0.7152    53.5129    83.6276      2.850      25.50 1.0611e+00    274.803 1.6230e+03  0.000e+00
      2.004    24.5247 272.199007   -2.27864 1.2982e+03     16.187      62.76     6.2584     0.7139    53.4813    83.6544      2.850      25.50 1.1587e+00    274.779 1.6230e+03  0.000e+00
      2.035    24.5284 272.136730   -2.27851 1.2410e+03     16.187      62.76     6.2584     0.7139    53.4813    83.6544      2.894      25.50 1.2320e+00    274.695 1.6230e+03  0.000e+00
      2.004    24.5328 272.105588   -2.27834 1.2203e+03     16.187      62.76     6.2643     0.7126    53.4497    83.6813      2.850      25.50 1.2930e+00    274.639 1.6230e+03  0.000e+00
      2.004    24.5362 272.012175   -2.27823 1.3018e+03     16.186      62.76     6.2702     0.7113    53.4181    83.7081      2.850      25.50 1.3541e+00    274.526 1.6230e+03  0.000e+00
      2.004    24.5397 272.105582   -2.27810 1.3927e+03     16.186      62.76     6.2702     0.7088    53.4181    83.7618      2.850      25.50 1.3785e+00    274.601 1.6230e+03  0.000e+00
      2.035    24.5413 272.012171   -2.27805 1.3617e+03     16.186      62.74     6.2761     0.7088    53.3864    83.7618      2.894      25.51 1.3785e+00    274.498 1.6230e+03  0.000e+00
      2.004    24.5435 272.105579   -2.27796 1.2764e+03     16.186      62.74     6.2761     0.7088    53.3864    83.7618      2.850      25.50 1.3785e+00    274.580 1.6230e+03  0.000e+00
      2.004    24.5451 272.167852   -2.27790 1.2032e+03     16.186      62.74     6.2821     0.7101    53.3548    83.7350      2.850      25.50 1.4029e+00    274.634 1.6210e+03  0.000e+00
      2.004    24.5469 272.167850   -2.27784 1.1503e+03     16.186      62.74     6.2761     0.7126    53.3864    83.6813      2.850      25.50 1.4029e+00    274.624 1.6230e+03  0.000e+00
      2.004    24.5493 272.136711   -2.27775 1.1153e+03     16.186      62.74     6.2821     0.7139    53.3548    83.6544      2.850      25.50 1.4029e+00    274.579 1.6230e+03  0.000e+00
      1.980    24.5516 272.198982   -2.27767 1.1216e+03     16.186      62.76     6.2880     0.7113    53.3232    83.7081      2.817      25.50 1.4151e+00    274.629 1.6210e+03  0.000e+00
      2.004    24.5547 272.198980   -2.27756 1.1864e+03     16.186      62.76     6.2880     0.7101    53.3232    83.7350      2.850      25.50 1.4396e+00    274.612 1.6250e+03  0.000e+00
      2.004    24.5578 272.261252   -2.27745 1.2066e+03     16.186      62.76     6.2880     0.7088    53.3232    83.7618      2.850      25.50 1.4274e+00    274.658 1.6230e+03  0.000e+00
      2.004    24.5611 272.136700   -2.27733 1.2306e+03     16.186      62.76     6.2880     0.7088    53.3232    83.7618      2.850      25.50 1.4274e+00    274.514 1.6230e+03  0.000e+00
      1.980    24.5622 271.949877   -2.27729 1.2764e+03     16.186      62.76     6.2880     0.7088    53.3232    83.7618      2.817      25.50 1.3907e+00    274.320 1.6230e+03  0.000e+00
      2.004    24.5538 271.981022   -2.27759 1.3277e+03     16.186      62.76     6.2821     0.7075    53.3548    83.7887      2.850      25.50 1.3785e+00    274.397 1.6230e+03  0.000e+00
      1.941    24.5355 271.981037   -2.27823 1.3656e+03     16.186      62.76     6.2821     0.7075    53.3548    83.7887      2.761      25.50 1.4151e+00    274.499 1.6250e+03  0.000e+00
      2.004    24.5122 272.043333   -2.27908 1.3694e+03     16.187      62.76     6.2821     0.7075    53.3548    83.7887      2.850      25.50 1.4518e+00    274.691 1.6250e+03  0.000e+00
      1.980    24.4888 272.012216   -2.27992 1.3617e+03     16.188      62.76     6.2761     0.7101    53.3864    83.7350      2.817      25.50 1.4518e+00    274.789 1.6230e+03  0.000e+00
