analysis/data/sampleData/ER15_2009.cnv
* Sea-Bird SBE 9 Data File:
* FileName = C:\Data Files\EPA DATA\2009 Data\Summer Survey\Erie\ER15M.hex
* Software Version Seasave V 7.18c
* Temperature SN = 1554
* Conductivity SN = 2244
* Number of Bytes Per Scan = 34
* Number of Voltage Words = 5
* Number of Scans Averaged by the Deck Unit = 1
* NMEA Latitude = 42 30.99 N
* NMEA Longitude = 079 53.58 W
* NMEA UTC (Time) = Aug 19 2009 21:19:53
** Ship: Lake Guardian 
** Cruise: Summer Survey 2009 
** Station:  ER15M
# nquan = 17
# nvalues = 22106                   
# units = specified
# name 0 = depFM: Depth [fresh water, m]
# name 1 = t090C: Temperature [ITS-90, deg C]
# name 2 = c0uS/cm: Conductivity [uS/cm]
# name 3 = sbeox0Mg/L: Oxygen, SBE 43 [mg/l]
# name 4 = par: PAR/Irradiance, Biospherical/Licor
# name 5 = ph: pH
# name 6 = altM: Altimeter [m]
# name 7 = bat: Beam Attenuation, Chelsea/Seatech/Wetlab CStar [1/m]
# name 8 = bat1: Beam Attenuation, Chelsea/Seatech/Wetlab CStar, 2 [1/m]
# name 9 = xmiss: Beam Transmission, Chelsea/Seatech/Wetlab CStar [%]
# name 10 = xmiss1: Beam Transmission, Chelsea/Seatech/Wetlab CStar, 2 [%]
# name 11 = prDE: Pressure, Digiquartz [psi]
# name 12 = ptempC: Pressure Temperature [deg C]
# name 13 = flSP: Fluorescence, Seapoint
# name 14 = specc: Specific Conductance [uS/cm]
# name 15 = spar: SPAR/Surface Irradiance
# name 16 = flag:  0.000e+00
# span 0 =      0.267,     62.025       
# span 1 =     5.0944,    24.6772       
# span 2 =  18.901669, 283.753939       
# span 3 =   -3.49121,   -2.27309       
# span 4 = 1.0000e-12, 4.2050e+03       
# span 5 =      4.621,     16.828       
# span 6 =       0.00,     100.00       
# span 7 =     2.1782,     6.2880       
# span 8 =     0.2433,     3.7327       
# span 9 =    53.3232,    80.4269       
# span 10 =    39.3304,    94.0978      
# span 11 =      0.379,     88.221      
# span 12 =      25.16,      25.51      
# span 13 = 1.0000e+00, 2.6239e+00      
# span 14 =     21.023,    297.553      
# span 15 = 1.5610e+03, 1.6290e+03      
# span 16 = 0.0000e+00, 0.0000e+00      
# interval = seconds: 0.0416667                   
# start_time = Aug 19 2009 16:21:55
# bad_flag = -9.990e-29
*END*
[from data line 7830]
     37.074     5.3971 179.035718   -3.44951 1.4039e-01     16.818      27.28     4.0780     0.3626    66.5113    91.3326     52.732      25.48 1.1954e+00    294.482 1.5970e+03  0.000e+00
     37.183     5.3952 179.004719   -3.44975 1.4039e-01     16.818      27.28     4.0780     0.3615    66.5113    91.3594     52.887      25.48 1.1954e+00    294.449 1.5970e+03  0.000e+00
     37.129     5.3931 178.973717   -3.44993 1.3927e-01     16.818      27.28     4.0827     0.3615    66.4797    91.3594     52.810      25.48 1.1954e+00    294.419 1.5970e+03  0.000e+00
     37.183     5.3910 178.818709   -3.45017 1.3927e-01     16.818      27.28     4.0827     0.3603    66.4797    91.3863     52.887      25.48 1.1832e+00    294.184 1.5970e+03  0.000e+00
     37.183     5.3883 178.911717   -3.45044 1.3927e-01     16.818      27.23     4.0827     0.3591    66.4797    91.4131     52.887      25.48 1.1832e+00    294.364 1.5950e+03  0.000e+00
     37.238     5.3867 179.066729   -3.45063 1.3815e-01     16.818      27.18     4.0827     0.3591    66.4797    91.4131     52.965      25.48 1.1954e+00    294.634 1.5950e+03  0.000e+00
     37.246     5.3845 178.973724   -3.45084 1.3815e-01     16.818      27.18     4.0827     0.3591    66.4797    91.4131     52.976      25.48 1.1954e+00    294.502 1.5970e+03  0.000e+00
     37.238     5.3823 179.004727   -3.45107 1.3815e-01     16.818      27.18     4.0827     0.3591    66.4797    91.4131     52.965      25.48 1.1832e+00    294.575 1.5970e+03  0.000e+00
     37.300     5.3802 178.973728   -3.45130 1.3703e-01     16.818      27.16     4.0827     0.3603    66.4797    91.3863     53.053      25.48 1.1954e+00    294.544 1.5950e+03  0.000e+00
     37.355     5.3791 178.880723   -3.45144 1.3703e-01     16.818      27.06     4.0827     0.3603    66.4797    91.3863     53.131      25.48 1.2076e+00    294.402 1.5950e+03  0.000e+00
     37.300     5.3773 178.942727   -3.45160 1.3591e-01     16.818      27.01     4.0827     0.3603    66.4797    91.3863     53.053      25.48 1.2198e+00    294.521 1.5950e+03  0.000e+00
     37.355     5.3763 179.035735   -3.45171 1.3591e-01     16.819      27.01     4.0827     0.3603    66.4797    91.3863     53.131      25.48 1.2076e+00    294.684 1.5950e+03  0.000e+00
     37.355     5.3750 179.066738   -3.45184 1.3480e-01     16.819      27.01     4.0827     0.3626    66.4797    91.3326     53.131      25.48 1.2076e+00    294.747 1.5970e+03  0.000e+00
     37.409     5.3736 179.097742   -3.45201 1.3480e-01     16.819      26.98     4.0827     0.3626    66.4797    91.3326     53.208      25.48 1.2076e+00    294.812 1.5970e+03  0.000e+00
     37.417     5.3728 179.097743   -3.45210 1.3480e-01     16.819      26.91     4.0875     0.3638    66.4481    91.3057     53.220      25.48 1.2198e+00    294.820 1.5950e+03  0.000e+00
     37.472     5.3721 179.066742   -3.45219 1.3369e-01     16.819      26.91     4.0827     0.3626    66.4797    91.3326     53.297      25.48 1.2076e+00    294.776 1.5970e+03  0.000e+00
     37.472     5.3712 178.911731   -3.45228 1.3369e-01     16.819      26.91     4.0827     0.3615    66.4797    91.3594     53.297      25.48 1.1954e+00    294.530 1.5970e+03  0.000e+00
     37.472     5.3705 178.942734   -3.45235 1.3258e-01     16.819      26.91     4.0875     0.3603    66.4481    91.3863     53.297      25.48 1.1954e+00    294.587 1.5970e+03  0.000e+00
     37.526     5.3695 178.973738   -3.45247 1.3258e-01     16.819      26.84     4.0875     0.3603    66.4481    91.3863     53.375      25.48 1.1954e+00    294.647 1.5970e+03  0.000e+00
     37.526     5.3691 178.818727   -3.45252 1.3258e-01     16.819      26.76     4.0875     0.3603    66.4481    91.3863     53.375      25.48 1.2076e+00    294.397 1.5950e+03  0.000e+00
     37.588     5.3687 178.849731   -3.45258 1.3148e-01     16.819      26.74     4.0875     0.3615    66.4481    91.3594     53.463      25.48 1.2198e+00    294.451 1.5970e+03  0.000e+00
     37.526     5.3679 178.911734   -3.45263 1.3148e-01     16.819      26.74     4.0875     0.3626    66.4481    91.3326     53.375      25.48 1.2320e+00    294.561 1.5950e+03  0.000e+00
     37.643     5.3670 178.911737   -3.45278 1.3038e-01     16.819      26.74     4.0923     0.3626    66.4164    91.3326     53.541      25.48 1.2198e+00    294.570 1.5970e+03  0.000e+00
     37.526     5.3670 178.880733   -3.45273 1.3038e-01     16.819      26.69     4.0923     0.3603    66.4164    91.3863     53.375      25.48 1.2320e+00    294.519 1.5970e+03  0.000e+00
     37.760     5.3665 178.880737   -3.45288 1.3038e-01     16.819      26.64     4.0875     0.3579    66.4481    91.4400     53.707      25.48 1.2198e+00    294.524 1.5970e+03  0.000e+00
     37.643     5.3658 178.818731   -3.45290 1.3038e-01     16.819      26.62     4.0875     0.3579    66.4481    91.4400     53.541      25.48 1.2076e+00    294.428 1.5970e+03  0.000e+00
     37.697     5.3650 178.818733   -3.45300 1.2928e-01     16.819      26.62     4.0875     0.3579    66.4481    91.4400     53.618      25.48 1.1954e+00    294.436 1.5970e+03  0.000e+00
     37.697     5.3644 178.942741   -3.45306 1.2818e-01     16.819      26.62     4.0923     0.3591    66.4164    91.4131     53.618      25.48 1.1832e+00    294.647 1.5970e+03  0.000e+00
     37.697     5.3628 178.942742   -3.45323 1.2818e-01     16.819      26.57     4.0923     0.3579    66.4164    91.4400     53.618      25.48 1.1832e+00    294.662 1.5970e+03  0.000e+00
     37.814     5.3616 178.942745   -3.45339 1.2818e-01     16.819      26.52     4.0923     0.3591    66.4164    91.4131     53.785      25.48 1.1954e+00    294.673 1.5970e+03  0.000e+00
     37.814     5.3610 178.880741   -3.45346 1.2818e-01     16.819      26.52     4.0923     0.3603    66.4164    91.3863     53.785      25.48 1.2076e+00    294.577 1.5970e+03  0.000e+00
     37.814     5.3594 178.880742   -3.45362 1.2709e-01     16.819      26.52     4.0923     0.3603    66.4164    91.3863     53.785      25.48 1.2198e+00    294.593 1.5970e+03  0.000e+00
     37.814     5.3579 178.880743   -3.45376 1.2709e-01     16.819      26.52     4.0923     0.3591    66.4164    91.4131     53.785      25.48 1.2198e+00    294.607 1.5970e+03  0.000e+00
     37.869     5.3568 178.880744   -3.45390 1.2601e-01     16.819      26.42     4.0970     0.3568    66.3848    91.4668     53.862      25.48 1.2198e+00    294.618 1.5950e+03  0.000e+00
     37.869     5.3544 178.880746   -3.45414 1.2601e-01     16.819      26.37     4.0970     0.3568    66.3848    91.4668     53.862      25.48 1.2076e+00    294.642 1.5970e+03  0.000e+00
     37.869     5.3524 178.880747   -3.45434 1.2601e-01     16.819      26.37     4.0970     0.3556    66.3848    91.4937     53.862      25.48 1.2076e+00    294.660 1.5970e+03  0.000e+00
     37.923     5.3502 178.818745   -3.45459 1.2492e-01     16.819      26.37     4.0970     0.3556    66.3848    91.4937     53.940      25.48 1.2198e+00    294.580 1.5970e+03  0.000e+00
     37.986     5.3477 178.849750   -3.45487 1.2492e-01     16.820      26.35     4.0970     0.3556    66.3848    91.4937     54.028      25.48 1.2198e+00    294.655 1.5970e+03  0.000e+00
     37.923     5.3453 178.880752   -3.45507 1.2492e-01     16.820      26.30     4.0970     0.3568    66.3848    91.4668     53.940      25.48 1.2198e+00    294.729 1.5970e+03  0.000e+00
     37.986     5.3440 178.880754   -3.45523 1.2384e-01     16.820      26.28     4.0970     0.3579    66.3848    91.4400     54.028      25.48 1.2198e+00    294.742 1.5950e+03  0.000e+00
     38.040     5.3428 178.911757   -3.45538 1.2384e-01     16.820      26.28     4.0970     0.3568    66.3848    91.4668     54.106      25.48 1.2076e+00    294.805 1.5970e+03  0.000e+00
     38.040     5.3420 178.756748   -3.45546 1.2384e-01     16.820      26.28     4.0970     0.3556    66.3848    91.4937     54.106      25.48 1.1832e+00    294.557 1.5950e+03  0.000e+00
     38.040     5.3412 178.725747   -3.45555 1.2276e-01     16.820      26.23     4.1018     0.3544    66.3532    91.5205     54.106      25.48 1.1832e+00    294.514 1.5950e+03  0.000e+00
     38.095     5.3395 178.725749   -3.45574 1.2276e-01     16.820      26.18     4.1018     0.3533    66.3532    91.5474     54.183      25.48 1.1954e+00    294.530 1.5970e+03  0.000e+00
     38.095     5.3394 179.004767   -3.45575 1.2168e-01     16.820      26.18     4.1018     0.3521    66.3532    91.5742     54.183      25.48 1.1954e+00    294.992 1.5950e+03  0.000e+00
     38.095     5.3391 178.849756   -3.45577 1.2168e-01     16.820      26.18     4.1066     0.3521    66.3216    91.5742     54.183      25.48 1.1832e+00    294.739 1.5930e+03  0.000e+00
     38.149     5.3384 178.756752   -3.45587 1.2168e-01     16.820      26.18     4.1066     0.3521    66.3216    91.5742     54.261      25.48 1.1709e+00    294.592 1.5950e+03  0.000e+00
     38.157     5.3379 178.818756   -3.45592 1.2168e-01     16.820      26.11     4.1066     0.3521    66.3216    91.5742     54.272      25.48 1.1709e+00    294.699 1.5950e+03  0.000e+00
     38.211     5.3372 178.849759   -3.45602 1.2061e-01     16.820      26.06     4.1066     0.3521    66.3216    91.5742     54.349      25.48 1.1709e+00    294.757 1.5950e+03  0.000e+00
     38.211     5.3363 178.880762   -3.45611 1.1954e-01     16.820      26.03     4.1066     0.3521    66.3216    91.5742     54.349      25.48 1.1709e+00    294.817 1.5950e+03  0.000e+00
     38.266     5.3355 178.942768   -3.45621 1.1954e-01     16.820      26.06     4.1066     0.3509    66.3216    91.6011     54.427      25.48 1.1709e+00    294.927 1.5950e+03  0.000e+00
     38.211     5.3345 178.942767   -3.45628 1.1954e-01     16.820      26.03     4.1066     0.3521    66.3216    91.5742     54.349      25.48 1.1709e+00    294.936 1.5950e+03  0.000e+00
     38.266     5.3333 178.942769   -3.45643 1.1954e-01     16.820      25.98     4.1066     0.3521    66.3216    91.5742     54.427      25.48 1.1832e+00    294.948 1.5950e+03  0.000e+00
     38.328     5.3324 178.942770   -3.45655 1.1847e-01     16.820      25.93     4.1066     0.3521    66.3216    91.5742     54.516      25.48 1.1832e+00    294.957 1.5950e+03  0.000e+00
     38.320     5.3315 178.911769   -3.45664 1.1847e-01     16.820      25.93     4.1066     0.3521    66.3216    91.5742     54.505      25.48 1.1709e+00    294.915 1.5950e+03  0.000e+00
     38.383     5.3296 178.880769   -3.45686 1.1741e-01     16.820      25.93     4.1066     0.3521    66.3216    91.5742     54.593      25.48 1.1709e+00    294.882 1.5950e+03  0.000e+00
     38.320     5.3282 178.942773   -3.45697 1.1741e-01     16.820      25.79     4.1113     0.3521    66.2899    91.5742     54.505      25.48 1.1709e+00    294.998 1.5950e+03  0.000e+00
     38.437     5.3263 178.818768   -3.45721 1.1741e-01     16.820      25.37     4.1113     0.3521    66.2899    91.5742     54.671      25.48 1.1832e+00    294.812 1.5950e+03  0.000e+00
     38.383     5.3243 178.849770   -3.45740 1.1741e-01     16.820      25.20     4.1113     0.3533    66.2899    91.5474     54.593      25.48 1.1832e+00    294.883 1.5950e+03  0.000e+00
     38.437     5.3236 178.911775   -3.45749 1.1635e-01     16.820      25.20     4.1113     0.3568    66.2899    91.4668     54.671      25.48 1.1954e+00    294.992 1.5950e+03  0.000e+00
     38.492     5.3221 178.694763   -3.45766 1.1529e-01     16.820      25.23     4.1113     0.3603    66.2899    91.3863     54.748      25.48 1.1954e+00    294.648 1.5950e+03  0.000e+00
     38.437     5.3207 178.787769   -3.45778 1.1529e-01     16.820      25.25     4.1161     0.3615    66.2583    91.3594     54.671      25.48 1.1832e+00    294.816 1.5930e+03  0.000e+00
     38.554     5.3199 178.849775   -3.45791 1.1529e-01     16.821      25.25     4.1113     0.3603    66.2899    91.3863     54.837      25.48 1.1954e+00    294.926 1.5930e+03  0.000e+00
     38.492     5.3189 178.787771   -3.45798 1.1529e-01     16.821      25.25     4.1113     0.3591    66.2899    91.4131     54.748      25.48 1.1954e+00    294.833 1.5950e+03  0.000e+00
     38.554     5.3181 178.725769   -3.45809 1.1423e-01     16.821      25.25     4.1161     0.3568    66.2583    91.4668     54.837      25.48 1.1954e+00    294.739 1.5950e+03  0.000e+00
     38.609     5.3170 178.787774   -3.45823 1.1423e-01     16.821      25.25     4.1161     0.3533    66.2583    91.5474     54.914      25.48 1.1954e+00    294.852 1.5950e+03  0.000e+00
     38.609     5.3162 178.787774   -3.45831 1.1318e-01     16.821      25.25     4.1161     0.3509    66.2583    91.6011     54.914      25.48 1.1832e+00    294.860 1.5950e+03  0.000e+00
     38.609     5.3150 178.756773   -3.45842 1.1318e-01     16.821      25.25     4.1161     0.3486    66.2583    91.6548     54.914      25.48 1.1832e+00    294.820 1.5950e+03  0.000e+00
     38.671     5.3141 178.756775   -3.45855 1.1318e-01     16.821      25.25     4.1209     0.3474    66.2267    91.6816     55.003      25.48 1.1709e+00    294.829 1.5950e+03  0.000e+00
     38.663     5.3116 178.756776   -3.45879 1.1318e-01     16.821      25.25     4.1161     0.3474    66.2583    91.6816     54.992      25.48 1.1709e+00    294.853 1.5950e+03  0.000e+00
     38.671     5.3100 178.663772   -3.45896 1.1213e-01     16.821      25.25     4.1209     0.3474    66.2267    91.6816     55.003      25.48 1.1709e+00    294.715 1.5950e+03  0.000e+00
     38.725     5.3088 178.818783   -3.45911 1.1213e-01     16.821      25.23     4.1209     0.3486    66.2267    91.6548     55.081      25.48 1.1709e+00    294.983 1.5950e+03  0.000e+00
     38.725     5.3071 178.880788   -3.45927 1.1109e-01     16.821      25.20     4.1209     0.3486    66.2267    91.6548     55.081      25.48 1.1832e+00    295.101 1.5950e+03  0.000e+00
     38.780     5.3065 178.880789   -3.45936 1.1109e-01     16.821      25.20     4.1209     0.3497    66.2267    91.6279     55.158      25.48 1.1954e+00    295.107 1.5950e+03  0.000e+00
     38.780     5.3055 178.849787   -3.45946 1.1109e-01     16.821      25.20     4.1209     0.3509    66.2267    91.6011     55.158      25.48 1.2320e+00    295.066 1.5970e+03  0.000e+00
     38.780     5.3044 178.725780   -3.45957 1.1109e-01     16.821      25.20     4.1209     0.3509    66.2267    91.6011     55.158      25.48 1.2320e+00    294.872 1.5970e+03  0.000e+00
     38.842     5.3037 178.787786   -3.45967 1.1004e-01     16.821      25.20     4.1209     0.3509    66.2267    91.6011     55.247      25.48 1.2076e+00    294.981 1.5970e+03  0.000e+00
     38.835     5.3028 178.849790   -3.45975 1.1004e-01     16.821      25.18     4.1256     0.3497    66.1951    91.6279     55.236      25.48 1.1954e+00    295.092 1.5970e+03  0.000e+00
     38.897     5.3023 178.632778   -3.45984 1.0900e-01     16.821      25.18     4.1256     0.3474    66.1951    91.6816     55.324      25.48 1.1832e+00    294.739 1.5970e+03  0.000e+00
     38.889     5.3013 178.694782   -3.45993 1.0900e-01     16.821      25.18     4.1304     0.3462    66.1634    91.7085     55.313      25.48 1.1832e+00    294.851 1.5970e+03  0.000e+00
     38.889     5.3010 178.725784   -3.45996 1.0900e-01     16.821      25.18     4.1256     0.3462    66.1951    91.7085     55.313      25.48 1.1832e+00    294.905 1.5990e+03  0.000e+00
     38.951     5.3000 178.725786   -3.46008 1.0797e-01     16.821      25.13     4.1256     0.3474    66.1951    91.6816     55.402      25.48 1.1832e+00    294.914 1.5970e+03  0.000e+00
     38.951     5.3000 178.725786   -3.46009 1.0797e-01     16.821      25.10     4.1304     0.3474    66.1634    91.6816     55.402      25.48 1.1832e+00    294.915 1.5950e+03  0.000e+00
     39.014     5.3000 178.725787   -3.46011 1.0797e-01     16.821      25.10     4.1304     0.3474    66.1634    91.6816     55.490      25.48 1.1709e+00    294.914 1.5970e+03  0.000e+00
