analysis/data/sampleData/ER15_2009.cnv
* Sea-Bird SBE 9 Data File:
* FileName = C:\Data Files\EPA DATA\2009 Data\Summer Survey\Erie\ER15M.hex
* Software Version Seasave V 7.18c
* Temperature SN = 1554
* Conductivity SN = 2244
* Number of Bytes Per Scan = 34
* Number of Voltage Words = 5
* Number of Scans Averaged by the Deck Unit = 1
* NMEA Latitude = 42 30.99 N
* NMEA Longitude = 079 53.58 W
* NMEA UTC (Time) = Aug 19 2009 21:19:53
** Ship: Lake Guardian 
** Cruise: Summer Survey 2009 
** Station:  ER15M
# nquan = 17
# nvalues = 22106                   
# units = specified
# name 0 = depFM: Depth [fresh water, m]
# name 1 = t090C: Temperature [ITS-90, deg C]
# name 2 = c0uS/cm: Conductivity [uS/cm]
# name 3 = sbeox0Mg/L: Oxygen, SBE 43 [mg/l]
# name 4 = par: PAR/Irradiance, Biospherical/Licor
# name 5 = ph: pH
# name 6 = altM: Altimeter [m]
# name 7 = bat: Beam Attenuation, Chelsea/Seatech/Wetlab CStar [1/m]
# name 8 = bat1: Beam Attenuation, Chelsea/Seatech/Wetlab CStar, 2 [1/m]
# name 9 = xmiss: Beam Transmission, Chelsea/Seatech/Wetlab CStar [%]
# name 10 = xmiss1: Beam Transmission, Chelsea/Seatech/Wetlab CStar, 2 [%]
# name 11 = prDE: Pressure, Digiquartz [psi]
# name 12 = ptempC: Pressure Temperature [deg C]
# name 13 = flSP: Fluorescence, Seapoint
# name 14 = specc: Specific Conductance [uS/cm]
# name 15 = spar: SPAR/Surface Irradiance
# name 16 = flag:  0.000e+00
# span 0 =      0.267,     62.025       
# span 1 =     5.0944,    24.6772       
# span 2 =  18.901669, 283.753939       
# span 3 =   -3.49121,   -2.27309       
# span 4 = 1.0000e-12, 4.2050e+03       
# span 5 =      4.621,     16.828       
# span 6 =       0.00,     100.00       
# span 7 =     2.1782,     6.2880       
# span 8 =     0.2433,     3.7327       
# span 9 =    53.3232,    80.4269       
# span 10 =    39.3304,    94.0978      
# span 11 =      0.379,     88.221      
# span 12 =      25.16,      25.51      
# span 13 = 1.0000e+00, 2.6239e+00      
# span 14 =     21.023,    297.553      
# span 15 = 1.5610e+03, 1.6290e+03      
# span 16 = 0.0000e+00, 0.0000e+00      
# interval = seconds: 0.0416667                   
# start_time = Aug 19 2009 16:21:55
# bad_flag = -9.990e-29
*END*
[from data line 11575]
     61.850     5.1088 178.478267   -3.48972 9.7665e-04     16.828       0.95     4.5702     0.2571    63.3171    93.7757     87.971      25.45 1.0733e+00    296.376 1.5790e+03  0.000e+00
     61.850     5.1099 178.509268   -3.48960 9.7665e-04     16.828       0.98     4.5702     0.2571    63.3171    93.7757     87.971      25.45 1.0855e+00    296.417 1.5790e+03  0.000e+00
     61.850     5.1114 178.540269   -3.48945 2.4253e-04     16.828       0.98     4.5702     0.2571    63.3171    93.7757     87.971      25.45 1.0733e+00    296.454 1.5810e+03  0.000e+00
     61.795     5.1120 178.633273   -3.48936 9.7665e-04     16.828       0.95     4.5702     0.2571    63.3171    93.7757     87.894      25.45 1.0733e+00    296.603 1.5790e+03  0.000e+00
     61.850     5.1122 178.695277   -3.48937 2.4253e-04     16.828       0.95     4.5702     0.2559    63.3171    93.8025     87.971      25.45 1.0855e+00    296.704 1.5790e+03  0.000e+00
     61.850     5.1125 178.726279   -3.48934 9.7665e-04     16.828       0.95     4.5702     0.2559    63.3171    93.8025     87.971      25.45 1.0733e+00    296.752 1.5790e+03  0.000e+00
     61.850     5.1128 178.447263   -3.48931 2.4253e-04     16.828       0.98     4.5702     0.2548    63.3171    93.8293     87.971      25.45 1.0733e+00    296.286 1.5790e+03  0.000e+00
     61.795     5.1125 178.509266   -3.48931 9.7665e-04     16.828       0.95     4.5702     0.2536    63.3171    93.8562     87.894      25.45 1.0855e+00    296.392 1.5790e+03  0.000e+00
     61.850     5.1129 178.602271   -3.48930 9.7665e-04     16.828       0.95     4.5702     0.2536    63.3171    93.8562     87.971      25.45 1.0733e+00    296.543 1.5790e+03  0.000e+00
     61.850     5.1136 178.664274   -3.48922 9.7665e-04     16.828       0.95     4.5702     0.2536    63.3171    93.8562     87.971      25.45 1.0733e+00    296.638 1.5790e+03  0.000e+00
     61.850     5.1139 178.633273   -3.48919 9.7665e-04     16.828       0.95     4.5702     0.2536    63.3171    93.8562     87.971      25.45 1.0733e+00    296.584 1.5790e+03  0.000e+00
     61.850     5.1132 178.664275   -3.48927 9.7665e-04     16.828       0.95     4.5702     0.2525    63.3171    93.8830     87.971      25.45 1.0733e+00    296.643 1.5770e+03  0.000e+00
     61.795     5.1123 178.540267   -3.48933 9.7665e-04     16.828       0.95     4.5702     0.2525    63.3171    93.8830     87.894      25.45 1.0733e+00    296.445 1.5770e+03  0.000e+00
     61.850     5.1117 178.509267   -3.48942 9.7665e-04     16.828       0.95     4.5702     0.2525    63.3171    93.8830     87.971      25.45 1.0733e+00    296.400 1.5770e+03  0.000e+00
     61.850     5.1114 178.571271   -3.48945 2.4253e-04     16.828       0.98     4.5702     0.2525    63.3171    93.8830     87.971      25.45 1.0733e+00    296.506 1.5770e+03  0.000e+00
     61.795     5.1106 178.571270   -3.48951 9.7665e-04     16.828       0.95     4.5702     0.2525    63.3171    93.8830     87.894      25.45 1.0733e+00    296.514 1.5770e+03  0.000e+00
     61.850     5.1106 178.540269   -3.48954 9.7665e-04     16.828       0.98     4.5702     0.2536    63.3171    93.8562     87.971      25.45 1.0855e+00    296.462 1.5770e+03  0.000e+00
     61.850     5.1107 178.509268   -3.48952 9.7665e-04     16.828       0.95     4.5702     0.2548    63.3171    93.8293     87.971      25.45 1.0855e+00    296.409 1.5770e+03  0.000e+00
     61.850     5.1106 178.478266   -3.48954 2.4253e-04     16.828       0.93     4.5702     0.2559    63.3171    93.8025     87.971      25.45 1.0855e+00    296.359 1.5770e+03  0.000e+00
     61.850     5.1106 178.478266   -3.48954 9.7665e-04     16.828       0.93     4.5702     0.2571    63.3171    93.7757     87.971      25.45 1.0855e+00    296.359 1.5770e+03  0.000e+00
     61.795     5.1106 178.509267   -3.48951 2.4253e-04     16.828       0.93     4.5702     0.2582    63.3171    93.7488     87.894      25.45 1.0855e+00    296.411 1.5790e+03  0.000e+00
     61.850     5.1114 178.571271   -3.48945 2.4253e-04     16.828       0.93     4.5702     0.2582    63.3171    93.7488     87.971      25.45 1.0855e+00    296.506 1.5790e+03  0.000e+00
     61.850     5.1115 178.571270   -3.48944 9.7665e-04     16.828       0.93     4.5702     0.2571    63.3171    93.7757     87.971      25.45 1.0855e+00    296.504 1.5810e+03  0.000e+00
     61.850     5.1111 178.540269   -3.48949 9.7665e-04     16.828       0.93     4.5702     0.2548    63.3171    93.8293     87.971      25.45 1.0855e+00    296.457 1.5810e+03  0.000e+00
     61.795     5.1099 178.571270   -3.48958 9.7665e-04     16.828       0.93     4.5702     0.2548    63.3171    93.8293     87.894      25.45 1.0855e+00    296.520 1.5790e+03  0.000e+00
     61.850     5.1096 178.509268   -3.48964 2.4253e-04     16.828       0.93     4.5751     0.2548    63.2854    93.8293     87.971      25.45 1.0855e+00    296.421 1.5810e+03  0.000e+00
     61.850     5.1107 178.478266   -3.48952 2.4253e-04     16.828       0.93     4.5702     0.2559    63.3171    93.8025     87.971      25.45 1.0855e+00    296.358 1.5810e+03  0.000e+00
     61.795     5.1107 178.509267   -3.48950 2.4253e-04     16.828       0.93     4.5702     0.2571    63.3171    93.7757     87.894      25.45 1.0855e+00    296.409 1.5770e+03  0.000e+00
     61.850     5.1108 178.571271   -3.48952 9.7665e-04     16.828       0.93     4.5702     0.2582    63.3171    93.7488     87.971      25.45 1.0855e+00    296.512 1.5790e+03  0.000e+00
     61.850     5.1114 178.447264   -3.48946 2.4253e-04     16.828       0.93     4.5702     0.2582    63.3171    93.7488     87.971      25.45 1.0855e+00    296.300 1.5790e+03  0.000e+00
     61.795     5.1122 178.478264   -3.48935 2.4253e-04     16.828       0.93     4.5702     0.2582    63.3171    93.7488     87.894      25.45 1.0855e+00    296.344 1.5790e+03  0.000e+00
     61.850     5.1133 178.385260   -3.48926 9.7665e-04     16.828       0.95     4.5702     0.2582    63.3171    93.7488     87.971      25.45 1.0855e+00    296.178 1.5790e+03  0.000e+00
     61.850     5.1146 178.478264   -3.48913 9.7665e-04     16.828       0.95     4.5702     0.2571    63.3171    93.7757     87.971      25.45 1.0733e+00    296.320 1.5790e+03  0.000e+00
     61.850     5.1159 178.447262   -3.48900 9.7665e-04     16.828       0.95     4.5702     0.2571    63.3171    93.7757     87.971      25.45 1.0733e+00    296.256 1.5790e+03  0.000e+00
     61.795     5.1159 178.385258   -3.48897 2.4253e-04     16.828       0.95     4.5702     0.2559    63.3171    93.8025     87.894      25.45 1.0855e+00    296.153 1.5790e+03  0.000e+00
     61.850     5.1151 178.478264   -3.48908 9.7665e-04     16.828       0.98     4.5702     0.2559    63.3171    93.8025     87.971      25.45 1.0733e+00    296.315 1.5770e+03  0.000e+00
     61.795     5.1144 178.540266   -3.48912 9.7665e-04     16.828       0.95     4.5702     0.2559    63.3171    93.8025     87.894      25.45 1.0733e+00    296.424 1.5770e+03  0.000e+00
     61.850     5.1138 178.633273   -3.48921 9.7665e-04     16.828       0.95     4.5702     0.2548    63.3171    93.8293     87.971      25.45 1.0733e+00    296.585 1.5770e+03  0.000e+00
     61.850     5.1139 178.602271   -3.48919 9.7665e-04     16.828       0.95     4.5702     0.2548    63.3171    93.8293     87.971      25.45 1.0733e+00    296.532 1.5790e+03  0.000e+00
     61.795     5.1148 178.633271   -3.48908 9.7665e-04     16.828       0.98     4.5702     0.2536    63.3171    93.8562     87.894      25.45 1.0733e+00    296.575 1.5770e+03  0.000e+00
     61.850     5.1159 178.540266   -3.48900 2.4253e-04     16.828       0.98     4.5702     0.2536    63.3171    93.8562     87.971      25.45 1.0733e+00    296.410 1.5790e+03  0.000e+00
     61.795     5.1193 178.633268   -3.48862 9.7665e-04     16.828       0.95     4.5652     0.2536    63.3487    93.8562     87.894      25.45 1.0733e+00    296.531 1.5770e+03  0.000e+00
     61.850     5.1228 178.695271   -3.48828 9.7665e-04     16.827       0.98     4.5652     0.2548    63.3487    93.8293     87.971      25.45 1.0855e+00    296.599 1.5770e+03  0.000e+00
     61.850     5.1246 178.695270   -3.48810 9.7665e-04     16.827       0.95     4.5652     0.2582    63.3487    93.7488     87.971      25.45 1.0733e+00    296.581 1.5770e+03  0.000e+00
     61.795     5.1244 178.695269   -3.48809 9.7665e-04     16.827       0.98     4.5652     0.2594    63.3487    93.7220     87.894      25.45 1.0855e+00    296.583 1.5770e+03  0.000e+00
     61.850     5.1230 178.695271   -3.48827 9.7665e-04     16.827       0.98     4.5702     0.2594    63.3171    93.7220     87.971      25.45 1.0855e+00    296.598 1.5770e+03  0.000e+00
     61.795     5.1212 178.695271   -3.48842 9.7665e-04     16.828       0.95     4.5702     0.2582    63.3171    93.7488     87.894      25.45 1.0855e+00    296.615 1.5770e+03  0.000e+00
     61.850     5.1193 178.695273   -3.48865 9.7665e-04     16.828       0.95     4.5702     0.2582    63.3171    93.7488     87.971      25.45 1.0733e+00    296.634 1.5770e+03  0.000e+00
     61.795     5.1162 178.602269   -3.48894 9.7665e-04     16.828       0.95     4.5702     0.2582    63.3171    93.7488     87.894      25.45 1.0855e+00    296.510 1.5770e+03  0.000e+00
     61.850     5.1138 178.540267   -3.48921 9.7665e-04     16.828       0.95     4.5702     0.2594    63.3171    93.7220     87.971      25.45 1.0855e+00    296.430 1.5770e+03  0.000e+00
     61.795     5.1123 178.633273   -3.48933 2.4253e-04     16.828       0.98     4.5702     0.2651    63.3171    93.5877     87.894      25.45 1.0855e+00    296.599 1.5770e+03  0.000e+00
     61.850     5.1120 178.633274   -3.48939 9.7665e-04     16.828       0.95     4.5652     0.2685    63.3487    93.5072     87.971      25.45 1.0855e+00    296.603 1.5790e+03  0.000e+00
     61.795     5.1133 178.571268   -3.48923 2.4253e-04     16.828       0.98     4.5702     0.2674    63.3171    93.5340     87.894      25.45 1.0855e+00    296.487 1.5770e+03  0.000e+00
     61.795     5.1162 178.571267   -3.48894 2.4253e-04     16.828       0.95     4.5702     0.2639    63.3171    93.6146     87.894      25.45 1.0855e+00    296.458 1.5790e+03  0.000e+00
     61.850     5.1191 178.664271   -3.48866 9.7665e-04     16.828       0.95     4.5702     0.2616    63.3171    93.6683     87.971      25.45 1.0977e+00    296.584 1.5790e+03  0.000e+00
     61.795     5.1220 178.633267   -3.48834 2.4253e-04     16.827       0.98     4.5702     0.2605    63.3171    93.6951     87.894      25.45 1.0977e+00    296.504 1.5790e+03  0.000e+00
     61.850     5.1249 178.664268   -3.48807 9.7665e-04     16.827       0.95     4.5652     0.2616    63.3487    93.6683     87.971      25.45 1.1099e+00    296.527 1.5770e+03  0.000e+00
     61.795     5.1264 178.602263   -3.48790 9.7665e-04     16.827       0.98     4.5702     0.2628    63.3171    93.6414     87.894      25.45 1.1099e+00    296.410 1.5770e+03  0.000e+00
     61.850     5.1278 178.571261   -3.48777 9.7665e-04     16.827       0.95     4.5702     0.2639    63.3171    93.6146     87.971      25.45 1.1221e+00    296.344 1.5770e+03  0.000e+00
     61.795     5.1296 178.664264   -3.48757 2.4253e-04     16.827       0.98     4.5702     0.2628    63.3171    93.6414     87.894      25.45 1.1221e+00    296.481 1.5790e+03  0.000e+00
     61.795     5.1307 178.602260   -3.48745 2.4253e-04     16.827       0.95     4.5702     0.2628    63.3171    93.6414     87.894      25.45 1.1221e+00    296.367 1.5770e+03  0.000e+00
     61.850     5.1322 178.540257   -3.48733 9.7665e-04     16.827       0.95     4.5702     0.2639    63.3171    93.6146     87.971      25.45 1.1221e+00    296.250 1.5790e+03  0.000e+00
     61.795     5.1335 178.540255   -3.48718 9.7665e-04     16.827       0.95     4.5702     0.2639    63.3171    93.6146     87.894      25.45 1.1099e+00    296.237 1.5790e+03  0.000e+00
     61.795     5.1351 178.540254   -3.48701 9.7665e-04     16.827       0.95     4.5702     0.2639    63.3171    93.6146     87.894      25.45 1.1099e+00    296.221 1.5790e+03  0.000e+00
     61.850     5.1349 178.571257   -3.48706 2.4253e-04     16.827       0.98     4.5702     0.2628    63.3171    93.6414     87.971      25.45 1.0977e+00    296.275 1.5810e+03  0.000e+00
     61.795     5.1336 178.447250   -3.48716 2.4253e-04     16.827       0.98     4.5702     0.2605    63.3171    93.6951     87.894      25.45 1.0977e+00    296.081 1.5790e+03  0.000e+00
     61.795     5.1322 178.478253   -3.48731 2.4253e-04     16.827       0.98     4.5702     0.2605    63.3171    93.6951     87.894      25.45 1.0855e+00    296.147 1.5790e+03  0.000e+00
     61.795     5.1314 178.540256   -3.48739 9.7665e-04     16.827       0.95     4.5652     0.2594    63.3487    93.7220     87.894      25.45 1.0855e+00    296.258 1.5770e+03  0.000e+00
     61.850     5.1306 178.447253   -3.48750 9.7665e-04     16.827       0.95     4.5652     0.2594    63.3487    93.7220     87.971      25.45 1.0855e+00    296.111 1.5770e+03  0.000e+00
     61.795     5.1296 178.540257   -3.48757 2.4253e-04     16.827       0.98     4.5702     0.2605    63.3171    93.6951     87.894      25.45 1.0855e+00    296.275 1.5770e+03  0.000e+00
     61.795     5.1294 178.509256   -3.48759 9.7665e-04     16.827       0.95     4.5702     0.2605    63.3171    93.6951     87.894      25.45 1.0855e+00    296.225 1.5790e+03  0.000e+00
     61.850     5.1288 178.571260   -3.48768 9.7665e-04     16.827       0.95     4.5702     0.2594    63.3171    93.7220     87.971      25.45 1.0855e+00    296.335 1.5790e+03  0.000e+00
     61.795     5.1280 178.602262   -3.48774 2.4253e-04     16.827       0.95     4.5652     0.2571    63.3487    93.7757     87.894      25.45 1.0855e+00    296.394 1.5790e+03  0.000e+00
     61.795     5.1282 178.602262   -3.48772 9.7665e-04     16.827       0.95     4.5702     0.2559    63.3171    93.8025     87.894      25.45 1.0855e+00    296.392 1.5770e+03  0.000e+00
     61.795     5.1282 178.509257   -3.48772 2.4253e-04     16.827       0.98     4.5702     0.2559    63.3171    93.8025     87.894      25.45 1.0855e+00    296.238 1.5790e+03  0.000e+00
     61.795     5.1277 178.633264   -3.48777 9.7665e-04     16.827       0.95     4.5702     0.2605    63.3171    93.6951     87.894      25.45 1.0855e+00    296.449 1.5770e+03  0.000e+00
     61.834     5.1278 178.540259   -3.48777 2.4253e-04     16.827       0.95     4.5702     0.2639    63.3171    93.6146     87.949      25.45 1.0855e+00    296.292 1.5790e+03  0.000e+00
     61.795     5.1278 178.633264   -3.48775 2.4253e-04     16.827       0.98     4.5702     0.2697    63.3171    93.4803     87.894      25.45 1.0855e+00    296.447 1.5790e+03  0.000e+00
     61.741     5.1275 178.633263   -3.48776 2.4253e-04     16.827       0.98     4.5702     0.2731    63.3171    93.3998     87.816      25.45 1.0855e+00    296.450 1.5790e+03  0.000e+00
     61.912     5.1280 178.571262   -3.48779 9.7665e-04     16.827       0.95     4.5652     0.2731    63.3487    93.3998     88.060      25.45 1.0855e+00    296.342 1.5790e+03  0.000e+00
     61.795     5.1280 178.695267   -3.48774 9.7665e-04     16.827       0.95     4.5652     0.2708    63.3487    93.4535     87.894      25.45 1.0855e+00    296.548 1.5790e+03  0.000e+00
     61.795     5.1283 178.726269   -3.48770 2.4253e-04     16.827       0.98     4.5652     0.2674    63.3487    93.5340     87.894      25.45 1.0855e+00    296.596 1.5790e+03  0.000e+00
     61.795     5.1278 178.633264   -3.48775 9.7665e-04     16.827       0.95     4.5652     0.2651    63.3487    93.5877     87.894      25.45 1.0855e+00    296.447 1.5770e+03  0.000e+00
     61.850     5.1280 178.602263   -3.48776 2.4253e-04     16.827       0.98     4.5652     0.2628    63.3487    93.6414     87.971      25.45 1.0977e+00    296.394 1.5790e+03  0.000e+00
