analysis/data/sampleData/HU12_2000.cnv
* Sea-Bird SBE 9 Raw Data File:
* FileName = C:\summer00\hu122a00.dat
* Software Version Seasave Win32 v1.10
* Temperature SN = 1554
* Conductivity SN = 2244
* Number of Bytes Per Scan = 24
* Number of Voltage Words = 4
* Number of Scans Averaged by the Deck Unit = 4
* NMEA Latitude = 43 53.39 N
* NMEA Longitude = 082 03.37 W
* NMEA UTC (Time) = 14:45:15
** Ship:      Lake Guardian 
** Cruise:    Summer 2000 
** Station:    hu122a00
** Latitude:   
** Longitude:  
# nquan = 14
# nvalues = 339                         
# units = metric
# name 0 = depF: depth, fresh water [m]
# name 1 = t090: temperature, ITS-90 [deg C]
# name 2 = oxMg/L: oxygen [mg/l]
# name 3 = par: irradiance (PAR)
# name 4 = xmiss: transmissometer
# name 5 = bat: beam attenuation coefficient
# name 6 = specc: specific conductance [ÊS/cm]
# name 7 = ph: pH
# name 8 = flS: fluorometer, sea tech
# name 9 = nbf: number of bottles fired
# name 10 = alt: altimeter [m]
# name 11 = pr: pressure [db]
# name 12 = sal00: salinity, PSS-78 [PSU]
# name 13 = flag:  0.000e+00
# span 0 = 0.500, 85.000                
# span 1 = 4.1005, 20.6749              
# span 2 = 5.83155, 15.13005            
# span 3 = 3.170e-01, 2.152e+02         
# span 4 = 61.4623, 78.4666             
# span 5 = 0.970, 1.947                 
# span 6 = 210.003, 219.422             
# span 7 = 8.538, 9.828                 
# span 8 = 5.604e-01, 4.399e+00         
# span 9 = 0, 12                        
# span 10 = 7.6377, 46.5880             
# span 11 = 0.490, 83.357               
# span 12 = 0.0967, 0.1032              
# span 13 = 0.000e+00, 0.000e+00        
# interval = meters: 0.5                                
# start_time = Aug 12 2000 10:45:31
# bad_flag = -9.990e-29
*END*
[from data line 310]
     14.500    20.5859    8.24375  1.512e+01    77.6892      1.010    212.152      9.471  1.154e+00          8    44.7662     14.220     0.1025  0.000e+00
     14.000    20.5865    8.25013  1.588e+01    77.7339      1.007    212.154      9.471  1.145e+00          8    45.7415     13.729     0.1025  0.000e+00
     13.500    20.5873    8.30366  1.688e+01    77.7359      1.007    212.110      9.472  1.144e+00          8    45.7955     13.239     0.1025  0.000e+00
     13.000    20.5876    8.29538  1.772e+01    77.7577      1.006    212.149      9.472  1.126e+00          8    42.1860     12.749     0.1025  0.000e+00
     12.500    20.5885    8.22136  1.894e+01    77.6698      1.011    212.145      9.476  1.114e+00          8    46.5880     12.258     0.1025  0.000e+00
     12.000    20.5887    8.17950  2.003e+01    77.7344      1.007    212.114      9.477  1.112e+00          8    45.5150     11.768     0.1025  0.000e+00
     11.500    20.5888    8.17717  2.114e+01    77.7040      1.009    212.133      9.480  1.180e+00          8    46.3540     11.278     0.1025  0.000e+00
     11.000    20.5896    8.15923  2.177e+01    77.7279      1.008    212.109      9.480  1.163e+00          8    46.3504     10.787     0.1025  0.000e+00
     10.500    20.5909    8.16330  2.406e+01    77.6193      1.013    212.103      9.482  1.206e+00          8    44.1475     10.297     0.1025  0.000e+00
     10.000    20.6104    8.11724  2.389e+01    77.7427      1.007    212.156      9.451  1.042e+00          9    45.3745      9.807     0.1025  0.000e+00
      9.500    20.6183    8.05539  2.552e+01    77.7997      1.004    212.185      9.458  9.723e-01          9    45.5365      9.316     0.1026  0.000e+00
      9.000    20.6245    8.00019  2.643e+01    77.7953      1.004    212.212      9.471  1.019e+00          9    45.2345      8.826     0.1026  0.000e+00
      8.500    20.6197    7.97146  2.752e+01    77.7346      1.007    212.202      9.476  9.748e-01          9    46.1527      8.336     0.1026  0.000e+00
      8.000    20.6231    8.01064  2.957e+01    77.7441      1.007    212.233      9.481  9.369e-01          9    44.1867      7.845     0.1026  0.000e+00
      7.500    20.6320    7.98417  3.145e+01    77.8145      1.003    212.246      9.489  9.281e-01          9    45.0385      7.355     0.1026  0.000e+00
      7.000    20.6371    7.97102  3.327e+01    77.7631      1.006    212.278      9.492  9.081e-01          9    46.2675      6.865     0.1026  0.000e+00
      6.500    20.6424    7.95087  3.816e+01    77.7758      1.005    212.270      9.495  8.901e-01          9    45.0551      6.374     0.1026  0.000e+00
      6.000    20.6455    7.93134  3.983e+01    77.8602      1.001    212.292      9.495  8.957e-01          9    46.3073      5.884     0.1026  0.000e+00
      5.500    20.6470    7.90763  4.175e+01    77.8422      1.002    212.305      9.500  8.714e-01          9    45.3647      5.394     0.1026  0.000e+00
      5.000    20.6571    7.88686  4.595e+01    77.8773      1.000    212.367      9.468  8.474e-01          9    45.7983      4.903     0.1027  0.000e+00
      4.500    20.6609    7.85407  4.824e+01    77.8990      0.999    212.466      9.465  8.318e-01         10    44.5999      4.413     0.1027  0.000e+00
      4.000    20.6598    7.88076  5.571e+01    77.8524      1.001    212.478      9.485  8.404e-01         10    46.2102      3.923     0.1027  0.000e+00
      3.500    20.6564    7.88749  5.617e+01    77.8641      1.001    212.442      9.503  8.534e-01         10    46.0139      3.432     0.1027  0.000e+00
      3.000    20.6507    7.87030  7.509e+01    77.8187      1.003    212.479      9.512  8.601e-01         10    46.1028      2.942     0.1027  0.000e+00
      2.500    20.6551    7.84989  6.827e+01    77.8804      1.000    212.475      9.522  8.531e-01         10    44.3637      2.452     0.1027  0.000e+00
      2.000    20.6599    7.86331  7.589e+01    77.8662      1.001    212.502      9.529  8.566e-01         10    45.7186      1.961     0.1027  0.000e+00
      1.500    20.6711    7.85171  8.478e+01    77.8497      1.002    212.494      9.529  8.900e-01         10    45.8474      1.471     0.1027  0.000e+00
      1.000    20.6749    7.82559  9.598e+01    77.8749      1.000    212.512      9.536  8.876e-01         10    45.6832      0.981     0.1027  0.000e+00
      0.500    20.6596    7.82782  1.081e+02    77.8251      1.003    212.566      9.486  8.299e-01         12    45.6786      0.490     0.1028  0.000e+00
