analysis/data/sampleData/HU12_2000.cnv
* Sea-Bird SBE 9 Raw Data File:
* FileName = C:\summer00\hu122a00.dat
* Software Version Seasave Win32 v1.10
* Temperature SN = 1554
* Conductivity SN = 2244
* Number of Bytes Per Scan = 24
* Number of Voltage Words = 4
* Number of Scans Averaged by the Deck Unit = 4
* NMEA Latitude = 43 53.39 N
* NMEA Longitude = 082 03.37 W
* NMEA UTC (Time) = 14:45:15
** Ship:      Lake Guardian 
** Cruise:    Summer 2000 
** Station:    hu122a00
** Latitude:   
** Longitude:  
# nquan = 14
# nvalues = 339                         
# units = metric
# name 0 = depF: depth, fresh water [m]
# name 1 = t090: temperature, ITS-90 [deg C]
# name 2 = oxMg/L: oxygen [mg/l]
# name 3 = par: irradiance (PAR)
# name 4 = xmiss: transmissometer
# name 5 = bat: beam attenuation coefficient
# name 6 = specc: specific conductance [ÊS/cm]
# name 7 = ph: pH
# name 8 = flS: fluorometer, sea tech
# name 9 = nbf: number of bottles fired
# name 10 = alt: altimeter [m]
# name 11 = pr: pressure [db]
# name 12 = sal00: salinity, PSS-78 [PSU]
# name 13 = flag:  0.000e+00
# span 0 = 0.500, 85.000                
# span 1 = 4.1005, 20.6749              
# span 2 = 5.83155, 15.13005            
# span 3 = 3.170e-01, 2.152e+02         
# span 4 = 61.4623, 78.4666             
# span 5 = 0.970, 1.947                 
# span 6 = 210.003, 219.422             
# span 7 = 8.538, 9.828                 
# span 8 = 5.604e-01, 4.399e+00         
# span 9 = 0, 12                        
# span 10 = 7.6377, 46.5880             
# span 11 = 0.490, 83.357               
# span 12 = 0.0967, 0.1032              
# span 13 = 0.000e+00, 0.000e+00        
# interval = meters: 0.5                                
# start_time = Aug 12 2000 10:45:31
# bad_flag = -9.990e-29
*END*
[from data line 104]
     52.500     4.1550   12.68630  3.170e-01    77.2078      1.035    217.972      9.095  1.925e+00          0    29.1848     51.485     0.0978  0.000e+00
     53.000     4.1517   12.69402  3.170e-01    77.1953      1.035    217.987      9.091  1.826e+00          0    33.7281     51.975     0.0978  0.000e+00
     53.500     4.1494   12.81246  3.170e-01    77.1681      1.037    218.016      9.085  1.779e+00          0    31.4420     52.466     0.0978  0.000e+00
     54.000     4.1469   12.77276  3.170e-01    77.1854      1.036    218.058      9.083  1.826e+00          0    28.2805     52.956     0.0979  0.000e+00
     54.500     4.1446   12.80404  3.170e-01    77.1753      1.036    218.109      9.079  1.728e+00          0    27.6295     53.446     0.0979  0.000e+00
     55.000     4.1430   12.78487  3.170e-01    77.1248      1.039    218.151      9.076  1.665e+00          0    29.7829     53.937     0.0979  0.000e+00
     55.500     4.1410   12.70154  3.170e-01    77.1450      1.038    218.156      9.071  1.648e+00          0    42.3189     54.427     0.0979  0.000e+00
     56.000     4.1390   12.64791  3.170e-01    77.1207      1.039    218.199      9.065  1.702e+00          0    35.4380     54.917     0.0979  0.000e+00
     56.500     4.1384   12.75098  3.170e-01    77.1828      1.036    218.165      9.064  1.715e+00          0    42.3567     55.408     0.0979  0.000e+00
     57.000     4.1375   12.66144  3.170e-01    77.1773      1.036    218.220      9.062  1.644e+00          0    18.2727     55.898     0.0979  0.000e+00
     57.500     4.1352   12.69610  3.170e-01    77.2015      1.035    218.233      9.060  1.611e+00          0    16.9795     56.388     0.0979  0.000e+00
     58.000     4.1322   12.67458  3.170e-01    77.1415      1.038    218.278      9.057  1.622e+00          0    16.8295     56.878     0.0979  0.000e+00
     58.500     4.1270   12.58785  3.170e-01    77.0622      1.042    218.271      9.054  1.640e+00          0    24.1495     57.369     0.0979  0.000e+00
     59.000     4.1234   12.71437  3.170e-01    76.9042      1.050    218.343      9.050  1.686e+00          0    17.8920     57.859     0.0980  0.000e+00
     59.500     4.1219   12.74753  3.170e-01    76.7431      1.059    218.387      9.046  1.627e+00          0    19.7243     58.350     0.0980  0.000e+00
     60.000     4.1155   12.73139  3.170e-01    76.1624      1.089    218.580      9.043  1.527e+00          0    19.4297     58.840     0.0980  0.000e+00
     60.500     4.1125   12.72484  3.170e-01    75.7781      1.109    218.630      9.039  1.485e+00          0    18.7892     59.330     0.0981  0.000e+00
     61.000     4.1087   12.73189  3.170e-01    75.5789      1.120    218.725      9.033  1.431e+00          0    18.3522     59.821     0.0981  0.000e+00
     61.500     4.1069   12.65372  3.170e-01    75.2843      1.136    218.769      9.026  1.438e+00          0    22.4978     60.311     0.0981  0.000e+00
     62.000     4.1071   12.68221  3.170e-01    75.0149      1.150    218.798      9.023  1.607e+00          0    27.0460     60.801     0.0981  0.000e+00
     62.500     4.1048   12.64180  3.170e-01    74.7536      1.164    218.884      9.018  1.548e+00          0    30.9007     61.292     0.0982  0.000e+00
     63.000     4.1037   12.57532  3.170e-01    74.1677      1.195    218.933      9.013  1.489e+00          0    27.5838     61.782     0.0982  0.000e+00
     63.500     4.1023   12.59035  3.170e-01    73.6417      1.224    218.996      9.007  1.441e+00          0    18.3690     62.272     0.0983  0.000e+00
     64.000     4.1020   12.67899  3.170e-01    73.2459      1.245    218.988      9.003  1.361e+00          0    18.0818     62.763     0.0983  0.000e+00
     64.500     4.1020   12.62627  3.170e-01    72.8484      1.267    219.048      9.037  1.306e+00          0    17.3014     63.253     0.0983  0.000e+00
     65.000     4.1016   12.66839  3.170e-01    72.6951      1.276    219.121      9.046  1.314e+00          0    23.4371     63.743     0.0983  0.000e+00
     65.500     4.1018   12.63748  3.170e-01    72.5249      1.285    219.075      9.003  1.237e+00          0    41.0549     64.234     0.0982  0.000e+00
     66.000     4.1016   12.47484  3.170e-01    72.4332      1.290    219.160      9.021  1.214e+00          0    36.8415     64.724     0.0983  0.000e+00
     66.500     4.1016   12.44374  3.170e-01    72.2988      1.297    219.142      9.017  1.228e+00          0    39.9154     65.214     0.0983  0.000e+00
     67.000     4.1017   12.47295  3.170e-01    72.1091      1.308    219.068      9.015  1.225e+00          0    35.3629     65.705     0.0982  0.000e+00
     67.500     4.1015   12.56488  3.170e-01    71.9862      1.315    219.088      9.009  1.179e+00          0    18.4317     66.195     0.0983  0.000e+00
     68.000     4.1014   12.50721  3.170e-01    71.8975      1.320    219.162      9.003  1.160e+00          0    33.1964     66.685     0.0983  0.000e+00
     68.500     4.1011   12.56234  3.170e-01    71.7325      1.329    219.137      9.003  1.175e+00          0    27.2453     67.176     0.0983  0.000e+00
     69.000     4.1013   12.59690  3.170e-01    71.6947      1.331    219.142      8.998  1.145e+00          0    30.4121     67.666     0.0983  0.000e+00
     69.500     4.1013   12.52044  3.170e-01    71.6041      1.336    219.144      8.991  1.114e+00          0    15.2323     68.156     0.0983  0.000e+00
     70.000     4.1016   12.60496  3.170e-01    71.6390      1.334    219.186      8.988  1.110e+00          0    19.5568     68.646     0.0983  0.000e+00
     70.500     4.1014   12.51204  3.170e-01    71.6952      1.331    219.152      9.002  1.119e+00          0    40.1136     69.137     0.0983  0.000e+00
     71.000     4.1010   12.58391  3.170e-01    71.3941      1.348    219.217      8.989  1.146e+00          0    34.8846     69.627     0.0983  0.000e+00
     71.500     4.1006   12.62273  3.170e-01    70.7177      1.386    219.275      8.981  1.182e+00          0    12.2087     70.118     0.0983  0.000e+00
     72.000     4.1005   12.58821  3.170e-01    70.2697      1.411    219.292      8.980  1.199e+00          0    11.5566     70.608     0.0984  0.000e+00
     72.500     4.1006   12.54390  3.170e-01    70.2410      1.413    219.339      8.965  1.305e+00          0    16.5751     71.098     0.0984  0.000e+00
     73.000     4.1005   12.62303  3.170e-01    70.1136      1.420    219.327      8.965  1.374e+00          0    21.8821     71.589     0.0984  0.000e+00
     73.500     4.1006   12.51795  3.170e-01    69.9304      1.431    219.291      8.964  1.410e+00          0    35.1111     72.079     0.0983  0.000e+00
     74.000     4.1006   12.52053  3.170e-01    69.7681      1.440    219.291      8.961  1.327e+00          0    18.2374     72.569     0.0983  0.000e+00
     74.500     4.1005   12.55543  3.170e-01    69.6926      1.444    219.378      8.963  1.251e+00          0    32.2144     73.059     0.0984  0.000e+00
     75.000     4.1007   12.52531  3.170e-01    69.5840      1.451    219.359      8.958  1.215e+00          0    21.9027     73.550     0.0984  0.000e+00
     75.500     4.1006   12.59116  3.170e-01    69.5465      1.453    219.389      8.959  1.169e+00          0    43.8360     74.040     0.0984  0.000e+00
     76.000     4.1006   12.49930  3.170e-01    69.4972      1.456    219.380      8.950  1.123e+00          0    18.1052     74.530     0.0984  0.000e+00
     76.500     4.1006   12.46500  3.170e-01    69.4218      1.460    219.371      8.959  1.122e+00          0    45.1570     75.021     0.0984  0.000e+00
     77.000     4.1006   12.52960  3.170e-01    69.3301      1.465    219.308      8.949  1.162e+00          0    22.3256     75.512     0.0984  0.000e+00
     77.500     4.1007   12.50780  3.170e-01    69.2248      1.471    219.351      8.955  1.180e+00          0    18.5846     76.001     0.0984  0.000e+00
     78.000     4.1007   12.54627  3.170e-01    69.1449      1.476    219.389      8.951  1.166e+00          0     7.6377     76.492     0.0984  0.000e+00
     78.500     4.1013   12.54754  3.170e-01    68.8406      1.493    219.366      8.947  1.125e+00          0    25.9879     76.982     0.0984  0.000e+00
     79.000     4.1011   12.54312  3.170e-01    68.8765      1.491    219.367      8.947  1.204e+00          0    31.0246     77.473     0.0984  0.000e+00
     79.500     4.1014   12.60464  3.170e-01    68.8172      1.495    219.400      8.947  1.279e+00          0    18.1200     77.963     0.0984  0.000e+00
     80.000     4.1021   12.53190  3.170e-01    68.5612      1.510    219.358      8.943  1.254e+00          0    34.3409     78.453     0.0983  0.000e+00
     80.500     4.1028   12.61619  3.170e-01    67.6326      1.564    219.393      8.940  1.216e+00          0    29.8116     78.944     0.0984  0.000e+00
     81.000     4.1037   12.62640  3.170e-01    67.5209      1.571    219.411      8.936  1.222e+00          0    19.7339     79.434     0.0984  0.000e+00
     81.500     4.1038   12.57114  3.170e-01    67.2724      1.586    219.422      8.935  1.186e+00          0    18.7600     79.924     0.0984  0.000e+00
     82.000     4.1034   12.65489  3.170e-01    66.4241      1.636    219.395      8.926  1.112e+00          0    18.8013     80.415     0.0984  0.000e+00
     82.500     4.1036   12.66552  3.170e-01    65.8659      1.670    219.389      8.922  1.123e+00          0    17.0315     80.905     0.0984  0.000e+00
     83.000     4.1043   12.65081  3.170e-01    65.3749      1.700    219.377      8.941  1.151e+00          0    22.0170     81.395     0.0984  0.000e+00
     83.500     4.1045   12.62234  3.170e-01    63.7134      1.803    219.346      8.931  1.200e+00          0    26.3528     81.885     0.0984  0.000e+00
     84.000     4.1045   12.66655  3.170e-01    62.9535      1.851    219.344      8.929  1.154e+00          0    17.3949     82.376     0.0984  0.000e+00
     84.500     4.1044   12.64015  3.170e-01    62.5699      1.876    219.307      8.925  1.166e+00          0    17.4342     82.866     0.0984  0.000e+00
     85.000     4.1077   12.56196  3.170e-01    61.4623      1.947    218.925      8.908  1.315e+00          1    14.4218     83.357     0.0982  0.000e+00
     84.500     4.1158   12.38298  3.170e-01    61.7260      1.930    218.666      8.901  1.262e+00          2    21.0190     82.866     0.0981  0.000e+00
     84.000     4.1135   12.49504  3.170e-01    61.6889      1.932    218.651      8.901  1.274e+00          2    24.9998     82.376     0.0981  0.000e+00
     83.500     4.1141   12.41957  3.170e-01    61.9181      1.917    218.653      8.901  1.342e+00          2    21.4256     81.886     0.0980  0.000e+00
     83.000     4.1082   12.41055  3.170e-01    62.1219      1.904    218.626      8.901  1.304e+00          2    32.8367     81.395     0.0980  0.000e+00
     82.500     4.1062   12.42925  3.170e-01    62.3613      1.889    218.643      8.901  1.408e+00          2    18.1495     80.905     0.0980  0.000e+00
     82.000     4.1066   12.46642  3.170e-01    62.4225      1.885    218.598      8.901  1.425e+00          2    21.9114     80.414     0.0980  0.000e+00
     81.500     4.1080   12.37259  3.170e-01    62.7773      1.862    218.553      8.901  1.438e+00          2    27.5327     79.924     0.0980  0.000e+00
     81.000     4.1057   12.44121  3.170e-01    62.7749      1.862    218.567      8.901  1.324e+00          2    21.0444     79.434     0.0980  0.000e+00
     80.500     4.1064   12.41313  3.170e-01    62.8869      1.855    218.580      8.901  1.291e+00          2    34.0323     78.944     0.0980  0.000e+00
     80.000     4.1070   12.34634  3.170e-01    62.9698      1.850    218.568      8.901  1.298e+00          2    22.3131     78.453     0.0980  0.000e+00
     79.500     4.1057   12.35788  3.170e-01    63.1861      1.836    218.519      8.901  1.280e+00          2    20.6638     77.963     0.0980  0.000e+00
     79.000     4.1051   12.35862  3.170e-01    63.3382      1.827    218.531      8.901  1.262e+00          2    35.7388     77.473     0.0980  0.000e+00
     78.500     4.1051   12.37680  3.170e-01    63.6078      1.810    218.471      8.901  1.203e+00          2    26.5252     76.982     0.0980  0.000e+00
     78.000     4.1081   12.36491  3.170e-01    63.6884      1.805    218.435      8.901  1.166e+00          2    33.6402     76.492     0.0980  0.000e+00
     77.500     4.1057   12.37833  3.170e-01    63.9487      1.788    218.464      8.901  1.177e+00          2    25.2663     76.002     0.0980  0.000e+00
     77.000     4.1059   12.40674  3.170e-01    64.0882      1.780    218.449      8.901  1.228e+00          2    24.4433     75.511     0.0980  0.000e+00
     76.500     4.1081   12.39909  3.170e-01    63.8516      1.794    218.438      8.901  1.204e+00          2    29.3010     75.021     0.0980  0.000e+00
     76.000     4.1060   12.33156  3.170e-01    66.2168      1.649    218.285      8.905  1.206e+00          3    35.1980     74.531     0.0979  0.000e+00
     75.500     4.1026   12.27465  3.170e-01    66.3168      1.643    218.137      8.905  1.147e+00          4    39.7695     74.040     0.0978  0.000e+00
     75.000     4.1049   12.29086  3.170e-01    66.2903      1.645    218.114      8.906  1.132e+00          4    30.8164     73.550     0.0978  0.000e+00
     74.500     4.1047   12.26550  3.170e-01    66.3199      1.643    218.106      8.906  1.132e+00          4    33.4155     73.060     0.0978  0.000e+00
     74.000     4.1044   12.27678  3.170e-01    66.3106      1.643    218.080      8.903  1.150e+00          4    30.0785     72.569     0.0978  0.000e+00
     73.500     4.1043   12.23774  3.170e-01    66.3771      1.639    218.117      8.901  1.164e+00          4    43.8075     72.079     0.0978  0.000e+00
     73.000     4.1041   12.28089  3.170e-01    66.4056      1.638    218.076      8.901  1.175e+00          4    33.2361     71.588     0.0978  0.000e+00
     72.500     4.1048   12.22840  3.170e-01    66.5627      1.628    218.024      8.902  1.193e+00          4    37.2109     71.098     0.0978  0.000e+00
     72.000     4.1036   12.24957  3.170e-01    66.6023      1.626    217.966      8.901  1.244e+00          4    34.9320     70.608     0.0977  0.000e+00
     71.500     4.1041   12.23467  3.170e-01    66.6556      1.623    218.064      8.901  1.229e+00          4    43.0391     70.118     0.0978  0.000e+00
     71.000     4.1036   12.28224  3.170e-01    66.7562      1.617    218.045      8.901  1.178e+00          4    44.5331     69.627     0.0978  0.000e+00
     70.500     4.1045   12.26772  3.170e-01    66.8500      1.611    217.994      8.902  1.148e+00          4    45.4932     69.137     0.0977  0.000e+00
     70.000     4.1041   12.25307  3.170e-01    67.0740      1.597    217.924      8.902  1.135e+00          4    40.3548     68.647     0.0977  0.000e+00
     69.500     4.1037   12.23435  3.170e-01    67.2757      1.585    217.919      8.904  1.134e+00          4    36.5964     68.156     0.0977  0.000e+00
     69.000     4.1040   12.25797  3.170e-01    67.3412      1.582    217.917      8.902  1.140e+00          4    39.5091     67.666     0.0977  0.000e+00
     68.500     4.1038   12.24542  3.170e-01    67.3713      1.580    217.894      8.902  1.182e+00          4    37.8328     67.176     0.0977  0.000e+00
     68.000     4.1039   12.24902  3.170e-01    67.4658      1.574    217.864      8.902  1.194e+00          4    45.0732     66.685     0.0977  0.000e+00
     67.500     4.1040   12.26028  3.170e-01    67.5499      1.569    217.907      8.904  1.158e+00          4    37.4124     66.195     0.0977  0.000e+00
     67.000     4.1039   12.29173  3.170e-01    67.6269      1.565    217.908      8.903  1.148e+00          4    32.0432     65.705     0.0977  0.000e+00
