analysis/data/sampleData/HU12_2000.cnv
* Sea-Bird SBE 9 Raw Data File:
* FileName = C:\summer00\hu122a00.dat
* Software Version Seasave Win32 v1.10
* Temperature SN = 1554
* Conductivity SN = 2244
* Number of Bytes Per Scan = 24
* Number of Voltage Words = 4
* Number of Scans Averaged by the Deck Unit = 4
* NMEA Latitude = 43 53.39 N
* NMEA Longitude = 082 03.37 W
* NMEA UTC (Time) = 14:45:15
** Ship:      Lake Guardian 
** Cruise:    Summer 2000 
** Station:    hu122a00
** Latitude:   
** Longitude:  
# nquan = 14
# nvalues = 339                         
# units = metric
# name 0 = depF: depth, fresh water [m]
# name 1 = t090: temperature, ITS-90 [deg C]
# name 2 = oxMg/L: oxygen [mg/l]
# name 3 = par: irradiance (PAR)
# name 4 = xmiss: transmissometer
# name 5 = bat: beam attenuation coefficient
# name 6 = specc: specific conductance [ÊS/cm]
# name 7 = ph: pH
# name 8 = flS: fluorometer, sea tech
# name 9 = nbf: number of bottles fired
# name 10 = alt: altimeter [m]
# name 11 = pr: pressure [db]
# name 12 = sal00: salinity, PSS-78 [PSU]
# name 13 = flag:  0.000e+00
# span 0 = 0.500, 85.000                
# span 1 = 4.1005, 20.6749              
# span 2 = 5.83155, 15.13005            
# span 3 = 3.170e-01, 2.152e+02         
# span 4 = 61.4623, 78.4666             
# span 5 = 0.970, 1.947                 
# span 6 = 210.003, 219.422             
# span 7 = 8.538, 9.828                 
# span 8 = 5.604e-01, 4.399e+00         
# span 9 = 0, 12                        
# span 10 = 7.6377, 46.5880             
# span 11 = 0.490, 83.357               
# span 12 = 0.0967, 0.1032              
# span 13 = 0.000e+00, 0.000e+00        
# interval = meters: 0.5                                
# start_time = Aug 12 2000 10:45:31
# bad_flag = -9.990e-29
*END*
[from data line 207]
     66.000     4.1040   12.24655  3.170e-01    67.7529      1.557    217.881      8.905  1.163e+00          4    38.6849     64.724     0.0977  0.000e+00
     65.500     4.1046   12.26005  3.170e-01    67.9020      1.548    217.832      8.905  1.190e+00          4    34.4043     64.234     0.0977  0.000e+00
     65.000     4.1046   12.27954  3.170e-01    68.0564      1.539    217.812      8.904  1.233e+00          4    41.5936     63.743     0.0977  0.000e+00
     64.500     4.1054   12.28735  3.170e-01    68.1426      1.534    217.740      8.906  1.227e+00          4    45.4474     63.253     0.0976  0.000e+00
     64.000     4.1057   12.24998  3.170e-01    68.4761      1.515    217.727      8.906  1.217e+00          4    41.2670     62.763     0.0976  0.000e+00
     63.500     4.1059   12.28226  3.170e-01    68.5866      1.508    217.689      8.906  1.226e+00          4    43.7940     62.272     0.0976  0.000e+00
     63.000     4.1066   12.26708  3.170e-01    68.7461      1.499    217.656      8.906  1.185e+00          4    33.7813     61.782     0.0976  0.000e+00
     62.500     4.1069   12.25926  3.170e-01    68.8342      1.494    217.649      8.906  1.163e+00          4    30.4694     61.292     0.0976  0.000e+00
     62.000     4.1079   12.27131  3.170e-01    68.9594      1.487    217.630      8.906  1.195e+00          4    44.9647     60.801     0.0976  0.000e+00
     61.500     4.1086   12.32253  3.170e-01    69.0658      1.480    217.549      8.906  1.217e+00          4    36.0839     60.311     0.0976  0.000e+00
     61.000     4.1111   12.30871  3.170e-01    69.4247      1.460    217.518      8.906  1.237e+00          4    36.7015     59.820     0.0975  0.000e+00
     60.500     4.1145   12.31885  3.170e-01    69.8369      1.436    217.419      8.906  1.226e+00          4    40.5102     59.330     0.0975  0.000e+00
     60.000     4.1162   12.34149  3.170e-01    70.1069      1.421    217.364      8.906  1.198e+00          4    41.4415     58.840     0.0975  0.000e+00
     59.500     4.1188   12.34467  3.170e-01    70.2884      1.410    217.271      8.906  1.200e+00          4    44.2513     58.350     0.0975  0.000e+00
     59.000     4.1207   12.36361  3.170e-01    70.3918      1.404    217.234      8.906  1.254e+00          4    35.0993     57.859     0.0974  0.000e+00
     58.500     4.1214   12.39064  3.170e-01    70.5566      1.395    217.208      8.906  1.274e+00          4    34.4654     57.369     0.0974  0.000e+00
     58.000     4.1243   12.40456  3.170e-01    70.8750      1.377    217.176      8.906  1.287e+00          4    32.4253     56.878     0.0974  0.000e+00
     57.500     4.1263   12.45892  3.170e-01    71.0791      1.366    217.050      8.906  1.383e+00          4    31.0766     56.388     0.0974  0.000e+00
     57.000     4.1293   12.46390  3.170e-01    71.1754      1.360    217.091      8.907  1.379e+00          4    37.9379     55.898     0.0974  0.000e+00
     56.500     4.1341   12.44495  3.170e-01    71.2217      1.357    217.039      8.907  1.422e+00          4    40.8031     55.408     0.0974  0.000e+00
     56.000     4.1379   12.41794  3.170e-01    71.3323      1.351    217.067      8.910  1.507e+00          4    36.6200     54.917     0.0974  0.000e+00
     55.500     4.1395   12.50739  3.170e-01    71.3513      1.350    217.007      8.910  1.532e+00          4    34.8018     54.427     0.0974  0.000e+00
     55.000     4.1401   12.51288  3.170e-01    71.5227      1.341    217.054      8.910  1.489e+00          4    38.7168     53.937     0.0974  0.000e+00
     54.500     4.1407   12.53111  3.170e-01    71.5393      1.340    216.968      8.910  1.514e+00          4    45.2252     53.446     0.0974  0.000e+00
     54.000     4.1414   12.48911  3.170e-01    71.5063      1.342    216.984      8.910  1.434e+00          4    41.2999     52.956     0.0974  0.000e+00
     53.500     4.1417   12.46640  3.170e-01    71.6230      1.335    216.990      8.910  1.454e+00          4    36.5684     52.466     0.0974  0.000e+00
     53.000     4.1430   12.47913  3.170e-01    71.6179      1.335    216.981      8.914  1.582e+00          4    41.9298     51.975     0.0974  0.000e+00
     52.500     4.1464   12.50602  3.170e-01    71.6002      1.336    216.964      8.915  1.544e+00          4    40.0903     51.485     0.0973  0.000e+00
     52.000     4.1506   12.48665  3.170e-01    71.6600      1.333    216.915      8.918  1.475e+00          4    37.5700     50.994     0.0973  0.000e+00
     51.500     4.1557   12.50052  3.170e-01    71.7719      1.327    216.918      8.920  1.516e+00          4    32.4973     50.504     0.0973  0.000e+00
     51.000     4.1593   12.48872  3.170e-01    71.8208      1.324    216.892      8.920  1.617e+00          4    37.9673     50.014     0.0974  0.000e+00
     50.500     4.1661   12.47910  3.170e-01    71.8122      1.324    216.832      8.923  1.634e+00          4    37.4148     49.524     0.0973  0.000e+00
     50.000     4.1737   12.49443  3.170e-01    71.6661      1.333    216.798      8.925  1.700e+00          4    41.1144     49.033     0.0973  0.000e+00
     49.500     4.1810   12.48323  3.170e-01    71.6808      1.332    216.737      8.929  1.715e+00          4    35.6061     48.543     0.0973  0.000e+00
     49.000     4.1889   12.48328  3.170e-01    71.6999      1.331    216.713      8.929  1.776e+00          4    37.7659     48.053     0.0973  0.000e+00
     48.500     4.1548   12.54475  3.170e-01    71.6739      1.332    216.870      8.938  1.725e+00          4    36.5824     47.562     0.0973  0.000e+00
     48.000     4.1701   12.45064  3.170e-01    71.8958      1.320    216.745      8.949  1.699e+00          4    37.7782     47.072     0.0973  0.000e+00
     47.500     4.1765   12.46549  3.170e-01    71.8426      1.323    216.676      8.949  1.615e+00          4    37.4322     46.582     0.0972  0.000e+00
     47.000     4.2146   12.47726  3.170e-01    71.7948      1.325    216.576      8.952  1.567e+00          4    37.9806     46.091     0.0972  0.000e+00
     46.500     4.2431   12.49564  3.170e-01    71.8803      1.321    216.460      8.958  1.518e+00          4    37.3263     45.601     0.0972  0.000e+00
     46.000     4.2105   12.56781  3.170e-01    71.8190      1.324    216.487      8.958  1.522e+00          4    37.6561     45.111     0.0972  0.000e+00
     45.500     4.2608   12.55249  3.170e-01    71.8836      1.320    216.351      8.961  1.583e+00          4    39.1500     44.620     0.0972  0.000e+00
     45.000     4.3110   12.52797  3.170e-01    72.0130      1.313    216.188      8.966  1.702e+00          4    40.2069     44.130     0.0971  0.000e+00
     44.500     4.3318   12.54884  3.170e-01    72.0810      1.310    216.127      8.967  1.808e+00          4    37.9602     43.640     0.0971  0.000e+00
     44.000     4.3152   12.70027  3.170e-01    72.1637      1.305    216.062      8.992  1.799e+00          4    38.7478     43.149     0.0971  0.000e+00
     43.500     4.2957   12.62566  3.170e-01    72.0528      1.311    216.148      9.005  1.932e+00          4    38.3415     42.659     0.0971  0.000e+00
     43.000     4.3117   12.58644  3.189e-01    72.0844      1.309    216.049      9.010  1.984e+00          4    37.7080     42.169     0.0971  0.000e+00
     42.500     4.3781   12.55988  3.381e-01    71.9457      1.317    215.950      9.012  2.011e+00          4    41.6086     41.678     0.0971  0.000e+00
     42.000     4.4676   12.55909  3.629e-01    71.8791      1.321    215.758      9.015  2.055e+00          4    37.1959     41.188     0.0971  0.000e+00
     41.500     4.4975   12.71483  3.897e-01    72.0700      1.310    215.655      9.023  2.140e+00          4    39.5498     40.698     0.0971  0.000e+00
     41.000     4.6037   12.82734  4.161e-01    70.8095      1.381    215.323      9.087  2.630e+00          5    38.9470     40.207     0.0970  0.000e+00
     40.500     4.6565   12.87496  4.447e-01    70.4823      1.399    215.165      9.110  2.888e+00          5    42.3322     39.717     0.0970  0.000e+00
     40.000     4.6130   12.86557  4.891e-01    70.7339      1.385    215.236      9.109  2.864e+00          5    43.9356     39.227     0.0969  0.000e+00
     39.500     4.7232   12.82641  5.373e-01    70.7596      1.384    215.075      9.108  2.838e+00          5    36.6511     38.736     0.0970  0.000e+00
     39.000     4.8103   12.81455  5.943e-01    70.4127      1.403    214.868      9.111  2.837e+00          5    38.4758     38.246     0.0969  0.000e+00
     38.500     4.8573   12.79906  6.639e-01    69.7299      1.442    214.759      9.112  2.895e+00          5    39.2652     37.755     0.0969  0.000e+00
     38.000     4.9126   12.82987  7.346e-01    69.1685      1.475    214.557      9.115  2.995e+00          5    44.5383     37.265     0.0969  0.000e+00
     37.500     4.9339   12.89113  8.050e-01    68.9843      1.485    214.513      9.119  3.110e+00          5    45.6306     36.775     0.0969  0.000e+00
     37.000     4.9910   12.93431  8.815e-01    68.7781      1.497    214.348      9.130  3.197e+00          5    34.9103     36.284     0.0968  0.000e+00
     36.500     5.0910   12.95442  9.709e-01    68.5683      1.509    214.111      9.143  3.352e+00          5    36.7271     35.794     0.0968  0.000e+00
     36.000     5.1881   13.01287  1.072e+00    68.6912      1.502    213.859      9.158  3.412e+00          5    42.6532     35.304     0.0968  0.000e+00
     35.500     5.2248   13.08323  1.182e+00    68.5384      1.511    213.781      9.178  3.553e+00          5    43.7090     34.814     0.0968  0.000e+00
     35.000     5.3111   13.18297  1.297e+00    68.2138      1.530    213.551      9.207  3.576e+00          5    45.3509     34.323     0.0967  0.000e+00
     34.500     5.3343   13.34685  1.426e+00    68.1490      1.534    213.502      9.247  3.627e+00          5    45.5734     33.833     0.0967  0.000e+00
     34.000     5.3987   13.47867  1.557e+00    68.1989      1.531    213.383      9.281  3.711e+00          5    45.6918     33.342     0.0967  0.000e+00
     33.500     5.4298   13.57199  1.699e+00    68.2057      1.531    213.325      9.310  3.774e+00          5    42.1131     32.852     0.0967  0.000e+00
     33.000     5.4799   13.67007  1.834e+00    68.2990      1.525    213.222      9.335  3.823e+00          5    43.7981     32.362     0.0967  0.000e+00
     32.500     5.5772   13.72266  1.997e+00    68.3766      1.521    213.008      9.361  3.835e+00          5    45.9357     31.871     0.0967  0.000e+00
     32.000     5.6737   13.71388  2.171e+00    68.4634      1.516    212.901      9.390  3.848e+00          5    40.6463     31.381     0.0967  0.000e+00
     31.500     5.7368   13.77354  2.352e+00    68.4386      1.517    212.837      9.412  3.943e+00          5    43.8844     30.891     0.0967  0.000e+00
     31.000     5.8665   13.81473  2.529e+00    68.5525      1.510    212.577      9.432  4.065e+00          5    42.6446     30.400     0.0967  0.000e+00
     30.500     5.9255   13.88309  2.740e+00    68.7332      1.500    212.597      9.451  3.937e+00          5    44.7513     29.910     0.0968  0.000e+00
     30.000     6.0185   13.93120  2.973e+00    68.8810      1.491    212.523      9.471  3.992e+00          5    45.6476     29.420     0.0968  0.000e+00
     29.500     6.1722   13.90486  3.114e+00    68.9897      1.485    212.415      9.492  4.090e+00          5    45.8051     28.929     0.0969  0.000e+00
     29.000     6.3531   13.92959  3.413e+00    69.1142      1.478    212.265      9.510  4.058e+00          5    40.6503     28.439     0.0969  0.000e+00
     28.500     6.4785   13.96056  3.649e+00    69.2845      1.468    212.124      9.527  4.159e+00          5    41.4737     27.949     0.0969  0.000e+00
     28.000     6.6442   13.94771  3.878e+00    69.4178      1.460    211.981      9.540  4.064e+00          5    45.1253     27.458     0.0970  0.000e+00
     27.500     6.8317   13.92397  4.259e+00    69.6363      1.448    211.843      9.540  3.907e+00          5    45.4434     26.968     0.0971  0.000e+00
     27.000     6.9063   14.05307  4.499e+00    70.2257      1.414    211.680      9.558  3.639e+00          5    45.0198     26.478     0.0970  0.000e+00
     26.500     7.7483   13.83922  4.825e+00    71.1567      1.361    211.011      9.596  2.775e+00          5    43.0535     25.987     0.0973  0.000e+00
     26.000     8.0980   13.97865  5.167e+00    71.9730      1.316    210.833      9.642  2.231e+00          5    44.7738     25.497     0.0974  0.000e+00
     25.500     8.2326   13.92818  5.525e+00    71.7876      1.326    210.769      9.652  1.868e+00          5    44.2928     25.007     0.0974  0.000e+00
     25.000     8.5747   13.88621  5.908e+00    72.6575      1.278    210.427      9.661  1.578e+00          6    44.3865     24.517     0.0975  0.000e+00
     24.500     8.7153   13.84021  6.188e+00    73.4290      1.235    210.205      9.666  1.533e+00          6    46.2242     24.026     0.0975  0.000e+00
     24.000     8.8283   13.78333  6.688e+00    73.3880      1.238    210.139      9.664  1.503e+00          6    45.9746     23.536     0.0975  0.000e+00
     23.500     9.0369   13.69759  7.139e+00    73.4147      1.236    210.214      9.662  1.470e+00          6    44.3774     23.046     0.0976  0.000e+00
     23.000     9.4869   13.48525  7.616e+00    73.4494      1.234    210.003      9.658  1.493e+00          6    46.1883     22.555     0.0978  0.000e+00
     22.500     9.9430   13.31306  8.025e+00    73.5576      1.228    210.325      9.648  1.505e+00          6    43.1673     22.065     0.0982  0.000e+00
     22.000    10.5957   13.03586  8.756e+00    73.5990      1.226    212.123      9.615  1.549e+00          6    44.6607     21.575     0.0994  0.000e+00
     21.500    11.4498   12.58399  9.159e+00    73.6068      1.226    211.621      9.543  1.478e+00          6    46.0173     21.084     0.0995  0.000e+00
     21.000    12.8298   11.77552  9.848e+00    73.8040      1.215    211.131      9.501  1.536e+00          6    43.9354     20.594     0.0998  0.000e+00
     20.500    14.7006   11.19040  1.051e+01    74.0168      1.204    211.615      9.469  1.528e+00          6    45.6308     20.104     0.1008  0.000e+00
     20.000    15.8890   10.78699  1.101e+01    74.3792      1.184    211.337      9.445  1.546e+00          6    45.1192     19.613     0.1010  0.000e+00
     19.500    17.3118   10.12326  1.172e+01    74.7174      1.166    210.562      9.455  1.629e+00          6    45.5017     19.123     0.1010  0.000e+00
     19.000    18.8661    9.40139  1.190e+01    75.7562      1.111    210.866      9.458  1.480e+00          6    44.7169     18.633     0.1016  0.000e+00
     18.500    19.6002    8.95477  1.191e+01    76.6084      1.066    211.373      9.441  1.538e+00          6    44.7231     18.142     0.1020  0.000e+00
     18.000    20.0823    8.68144  1.210e+01    77.1201      1.039    211.799      9.432  1.498e+00          6    45.1690     17.652     0.1023  0.000e+00
     17.500    20.4961    8.46654  1.233e+01    77.5653      1.016    212.316      9.426  1.364e+00          6    43.9978     17.162     0.1026  0.000e+00
     17.000    20.5416    8.33361  1.214e+01    77.7165      1.008    212.176      9.441  1.207e+00          7    44.7057     16.671     0.1025  0.000e+00
     16.500    20.5771    8.24034  1.284e+01    77.7226      1.008    212.155      9.457  1.159e+00          8    45.7476     16.181     0.1025  0.000e+00
     16.000    20.5765    8.25099  1.376e+01    77.7124      1.009    212.143      9.459  1.155e+00          8    45.9493     15.690     0.1025  0.000e+00
     15.500    20.5748    8.27550  1.330e+01    77.7187      1.008    212.170      9.465  1.163e+00          8    46.0617     15.200     0.1025  0.000e+00
