analysis/data/sampleData/HU12_2000.cnv
* Sea-Bird SBE 9 Raw Data File:
* FileName = C:\summer00\hu122a00.dat
* Software Version Seasave Win32 v1.10
* Temperature SN = 1554
* Conductivity SN = 2244
* Number of Bytes Per Scan = 24
* Number of Voltage Words = 4
* Number of Scans Averaged by the Deck Unit = 4
* NMEA Latitude = 43 53.39 N
* NMEA Longitude = 082 03.37 W
* NMEA UTC (Time) = 14:45:15
** Ship:      Lake Guardian 
** Cruise:    Summer 2000 
** Station:    hu122a00
** Latitude:   
** Longitude:  
# nquan = 14
# nvalues = 339                         
# units = metric
# name 0 = depF: depth, fresh water [m]
# name 1 = t090: temperature, ITS-90 [deg C]
# name 2 = oxMg/L: oxygen [mg/l]
# name 3 = par: irradiance (PAR)
# name 4 = xmiss: transmissometer
# name 5 = bat: beam attenuation coefficient
# name 6 = specc: specific conductance [ÊS/cm]
# name 7 = ph: pH
# name 8 = flS: fluorometer, sea tech
# name 9 = nbf: number of bottles fired
# name 10 = alt: altimeter [m]
# name 11 = pr: pressure [db]
# name 12 = sal00: salinity, PSS-78 [PSU]
# name 13 = flag:  0.000e+00
# span 0 = 0.500, 85.000                
# span 1 = 4.1005, 20.6749              
# span 2 = 5.83155, 15.13005            
# span 3 = 3.170e-01, 2.152e+02         
# span 4 = 61.4623, 78.4666             
# span 5 = 0.970, 1.947                 
# span 6 = 210.003, 219.422             
# span 7 = 8.538, 9.828                 
# span 8 = 5.604e-01, 4.399e+00         
# span 9 = 0, 12                        
# span 10 = 7.6377, 46.5880             
# span 11 = 0.490, 83.357               
# span 12 = 0.0967, 0.1032              
# span 13 = 0.000e+00, 0.000e+00        
# interval = meters: 0.5                                
# start_time = Aug 12 2000 10:45:31
# bad_flag = -9.990e-29
*END*
      0.500    20.6248    8.93066  2.152e+02    78.3794      0.974    213.007      8.538  5.604e-01          0    43.6916      0.490     0.1030  0.000e+00
      1.000    20.6222    9.26719  1.436e+02    78.4269      0.972    212.941      8.903  6.517e-01          0    43.3645      0.981     0.1029  0.000e+00
      1.500    20.6242    8.06599  1.393e+02    78.4376      0.971    212.843      9.092  7.092e-01          0    43.0216      1.471     0.1029  0.000e+00
      2.000    20.6281    6.83318  1.192e+02    78.4632      0.970    212.483      9.191  7.318e-01          0    43.1465      1.961     0.1027  0.000e+00
      2.500    20.6275    5.83155  1.006e+02    78.4441      0.971    213.374      9.426  8.710e-01          0    41.1308      2.452     0.1031  0.000e+00
      3.000    20.6315    8.18491  9.805e+01    78.4544      0.971    213.438      9.452  8.171e-01          0    44.1579      2.942     0.1031  0.000e+00
      3.500    20.6269    8.16434  8.500e+01    78.4666      0.970    213.443      9.454  8.201e-01          0    44.2611      3.432     0.1032  0.000e+00
      4.000    20.6232    8.18257  6.030e+01    78.4161      0.973    213.429      9.457  8.118e-01          0    44.1593      3.923     0.1031  0.000e+00
      4.500    20.6253    8.17009  6.932e+01    78.4422      0.971    213.423      9.462  8.065e-01          0    44.1789      4.413     0.1032  0.000e+00
      5.000    20.6223    8.16690  6.748e+01    78.4406      0.971    213.419      9.468  8.074e-01          0    44.1800      4.904     0.1032  0.000e+00
      5.500    20.6193    8.15393  5.824e+01    78.4137      0.973    213.464      9.475  8.052e-01          0    44.1015      5.393     0.1032  0.000e+00
      6.000    20.6194    8.15839  5.497e+01    78.4403      0.971    213.418      9.478  8.229e-01          0    44.1207      5.884     0.1031  0.000e+00
      6.500    20.6162    8.15262  5.784e+01    78.4130      0.973    213.409      9.484  8.262e-01          0    44.2692      6.375     0.1031  0.000e+00
      7.000    20.6160    8.15773  4.486e+01    78.4325      0.972    213.411      9.492  8.350e-01          0    44.4008      6.865     0.1031  0.000e+00
      7.500    20.6164    8.17286  5.055e+01    78.4230      0.972    213.409      9.496  8.487e-01          0    44.2124      7.355     0.1031  0.000e+00
      8.000    20.6119    8.15428  4.011e+01    78.4234      0.972    213.400      9.502  8.824e-01          0    43.4114      7.845     0.1031  0.000e+00
      8.500    20.6109    8.19302  3.937e+01    78.4277      0.972    213.423      9.507  8.917e-01          0    44.2729      8.335     0.1031  0.000e+00
      9.000    20.6124    8.18513  3.664e+01    78.4234      0.972    213.394      9.512  8.958e-01          0    44.3319      8.826     0.1031  0.000e+00
      9.500    20.6052    8.17955  3.387e+01    78.4103      0.973    213.434      9.515  8.912e-01          0    44.2205      9.316     0.1032  0.000e+00
     10.000    20.5993    8.17285  3.165e+01    78.4131      0.973    213.442      9.518  8.989e-01          0    44.0410      9.807     0.1032  0.000e+00
     10.500    20.6020    8.18799  3.331e+01    78.3753      0.975    213.430      9.521  8.982e-01          0    44.0773     10.297     0.1031  0.000e+00
     11.000    20.6059    8.19690  2.884e+01    78.3850      0.974    213.449      9.525  9.090e-01          0    43.9453     10.787     0.1032  0.000e+00
     11.500    20.6118    8.18160  2.571e+01    78.3768      0.975    213.431      9.527  9.124e-01          0    44.0039     11.278     0.1031  0.000e+00
     12.000    20.6178    8.17157  2.678e+01    78.3848      0.974    213.454      9.529  9.193e-01          0    44.1177     11.768     0.1031  0.000e+00
     12.500    20.6192    8.19111  2.354e+01    78.3718      0.975    213.470      9.530  9.251e-01          0    44.2205     12.259     0.1032  0.000e+00
     13.000    20.6188    8.20057  2.382e+01    78.3719      0.975    213.420      9.530  9.315e-01          0    44.0269     12.749     0.1031  0.000e+00
     13.500    20.6189    8.22754  2.147e+01    78.4392      0.971    213.438      9.532  9.477e-01          0    44.0489     13.239     0.1031  0.000e+00
     14.000    20.6142    8.22337  2.284e+01    78.4072      0.973    213.421      9.533  9.547e-01          0    44.1228     13.729     0.1031  0.000e+00
     14.500    20.6005    8.20978  1.912e+01    78.3243      0.977    213.420      9.536  9.527e-01          0    44.0104     14.220     0.1031  0.000e+00
     15.000    20.5878    8.21487  2.001e+01    78.3328      0.977    213.428      9.538  1.003e+00          0    44.0777     14.710     0.1031  0.000e+00
     15.500    20.5853    8.22021  1.757e+01    78.3306      0.977    213.393      9.538  1.029e+00          0    44.1593     15.200     0.1031  0.000e+00
     16.000    20.5838    8.23773  1.775e+01    78.3377      0.977    213.423      9.540  1.045e+00          0    44.3143     15.690     0.1031  0.000e+00
     16.500    20.5818    8.24757  1.608e+01    78.3201      0.977    213.438      9.543  1.128e+00          0    44.4188     16.181     0.1031  0.000e+00
     17.000    20.5806    8.25144  1.533e+01    78.3464      0.976    213.432      9.543  1.133e+00          0    44.2616     16.671     0.1031  0.000e+00
     17.500    20.5792    8.22222  1.491e+01    78.3617      0.975    213.402      9.544  1.118e+00          0    44.0197     17.162     0.1031  0.000e+00
     18.000    20.5771    8.18951  1.443e+01    78.3633      0.975    213.438      9.544  1.125e+00          0    44.0459     17.652     0.1031  0.000e+00
     18.500    20.5581    8.18230  1.333e+01    78.3238      0.977    213.289      9.544  1.121e+00          0    43.9726     18.143     0.1031  0.000e+00
     19.000    20.2416    8.28791  1.287e+01    78.0624      0.991    212.527      9.549  1.134e+00          0    43.9058     18.633     0.1026  0.000e+00
     19.500    19.2718    8.54209  1.250e+01    77.9314      0.997    211.494      9.563  1.176e+00          0    44.1139     19.123     0.1020  0.000e+00
     20.000    18.3207    8.76870  1.112e+01    78.2007      0.984    211.158      9.588  1.272e+00          0    44.2875     19.613     0.1016  0.000e+00
     20.500    17.1135    9.09799  1.086e+01    78.0458      0.992    210.947      9.613  1.322e+00          0    44.2857     20.104     0.1012  0.000e+00
     21.000    15.4805    9.71602  1.080e+01    77.5541      1.017    212.442      9.636  1.320e+00          0    43.8851     20.594     0.1014  0.000e+00
     21.500    14.0916   10.30222  9.807e+00    77.3374      1.028    212.239      9.629  1.388e+00          0    44.2049     21.084     0.1009  0.000e+00
     22.000    12.8741   10.96558  9.619e+00    76.8619      1.053    211.882      9.632  1.405e+00          0    44.2061     21.575     0.1002  0.000e+00
     22.500    11.8094   11.58483  9.193e+00    76.4861      1.072    212.375      9.645  1.424e+00          0    44.1165     22.065     0.1000  0.000e+00
     23.000    11.0008   11.97471  8.616e+00    76.3552      1.079    212.894      9.652  1.491e+00          0    44.0989     22.555     0.0999  0.000e+00
     23.500    10.3818   12.43037  7.562e+00    76.0839      1.093    212.466      9.642  1.510e+00          0    44.1422     23.046     0.0994  0.000e+00
     24.000     9.9203   12.80749  7.283e+00    76.1047      1.092    211.016      9.666  1.554e+00          0    44.2568     23.536     0.0985  0.000e+00
     24.500     9.4935   13.04591  6.929e+00    76.1211      1.091    211.064      9.734  1.521e+00          0    44.2405     24.026     0.0983  0.000e+00
     25.000     9.0786   13.16355  6.203e+00    76.2192      1.086    211.188      9.776  1.476e+00          0    43.8431     24.517     0.0981  0.000e+00
     25.500     8.7692   13.49240  5.871e+00    76.3207      1.081    211.338      9.800  1.444e+00          0    43.9942     25.007     0.0980  0.000e+00
     26.000     8.5682   13.91499  5.381e+00    76.3253      1.081    211.561      9.812  1.440e+00          0    43.8918     25.497     0.0980  0.000e+00
     26.500     8.3039   14.25317  5.104e+00    76.3179      1.081    211.546      9.820  1.480e+00          0    44.1299     25.988     0.0979  0.000e+00
     27.000     8.0840   14.34511  4.779e+00    76.3690      1.078    211.670      9.828  1.513e+00          0    43.8488     26.478     0.0978  0.000e+00
     27.500     7.8526   14.52620  4.343e+00    76.4541      1.074    211.767      9.827  1.506e+00          0    43.9786     26.968     0.0977  0.000e+00
     28.000     7.5399   14.62885  4.082e+00    76.5999      1.066    212.024      9.828  1.499e+00          0    44.0187     27.458     0.0976  0.000e+00
     28.500     7.2387   14.83551  3.898e+00    76.6136      1.066    212.328      9.827  1.509e+00          0    43.8470     27.949     0.0975  0.000e+00
     29.000     6.9833   15.02302  3.597e+00    76.3644      1.079    212.570      9.826  1.515e+00          0    44.1185     28.439     0.0975  0.000e+00
     29.500     6.7835   15.06256  3.331e+00    76.1375      1.091    212.683      9.822  1.526e+00          0    43.8957     28.930     0.0974  0.000e+00
     30.000     6.6118   14.88066  3.147e+00    75.8297      1.107    212.787      9.811  1.552e+00          0    43.8460     29.420     0.0974  0.000e+00
     30.500     6.4883   14.97032  2.949e+00    75.5188      1.123    212.889      9.810  1.598e+00          0    44.1636     29.910     0.0973  0.000e+00
     31.000     6.3697   15.13005  2.677e+00    75.3557      1.132    213.012      9.806  1.628e+00          0    41.7111     30.401     0.0973  0.000e+00
     31.500     6.2157   15.08194  2.496e+00    75.0786      1.147    213.123      9.801  1.716e+00          0    43.2986     30.891     0.0972  0.000e+00
     32.000     6.0540   15.11405  2.360e+00    74.5853      1.173    213.311      9.792  1.797e+00          0    43.9802     31.381     0.0972  0.000e+00
     32.500     5.9797   15.00241  2.174e+00    74.4212      1.182    213.374      9.780  1.863e+00          0    43.7986     31.871     0.0972  0.000e+00
     33.000     5.8835   15.04404  2.001e+00    74.4835      1.178    213.469      9.774  1.943e+00          0    44.0196     32.362     0.0971  0.000e+00
     33.500     5.7883   14.97007  1.850e+00    74.3608      1.185    213.631      9.765  2.027e+00          0    43.9938     32.852     0.0972  0.000e+00
     34.000     5.6821   14.98709  1.706e+00    73.8612      1.212    213.697      9.757  2.078e+00          0    42.0472     33.343     0.0971  0.000e+00
     34.500     5.5716   15.02781  1.568e+00    72.9668      1.261    213.938      9.743  2.207e+00          0    44.3561     33.833     0.0971  0.000e+00
     35.000     5.4838   14.98548  1.434e+00    72.9329      1.263    214.111      9.720  2.359e+00          0    44.0817     34.323     0.0972  0.000e+00
     35.500     5.4219   14.96114  1.310e+00    72.3865      1.293    214.189      9.693  2.454e+00          0    44.1368     34.814     0.0971  0.000e+00
     36.000     5.3473   14.84136  1.201e+00    71.6266      1.335    214.386      9.671  2.618e+00          0    39.1372     35.304     0.0972  0.000e+00
     36.500     5.2878   14.77118  1.092e+00    72.2124      1.302    214.501      9.651  3.109e+00          0    42.5842     35.794     0.0972  0.000e+00
     37.000     5.2120   14.65077  9.871e-01    72.2256      1.301    214.725      9.628  3.371e+00          0    42.7785     36.284     0.0972  0.000e+00
     37.500     5.1178   14.73636  8.950e-01    71.5171      1.341    214.910      9.608  3.385e+00          0    44.1119     36.775     0.0972  0.000e+00
     38.000     5.0319   14.65237  8.151e-01    70.6402      1.390    215.225      9.579  3.499e+00          0    43.7961     37.265     0.0973  0.000e+00
     38.500     4.9707   14.58182  7.406e-01    70.7385      1.385    215.403      9.541  3.829e+00          0    44.0700     37.756     0.0973  0.000e+00
     39.000     4.9252   14.41828  6.677e-01    71.6115      1.336    215.545      9.503  4.060e+00          0    38.1943     38.246     0.0974  0.000e+00
     39.500     4.8669   14.34246  5.975e-01    72.3724      1.293    215.669      9.466  4.186e+00          0    42.6332     38.736     0.0974  0.000e+00
     40.000     4.7944   14.15332  5.402e-01    72.9531      1.261    215.900      9.435  4.271e+00          0    44.0344     39.227     0.0974  0.000e+00
     40.500     4.7329   14.21584  4.924e-01    74.0652      1.201    216.132      9.403  4.356e+00          0    43.2153     39.717     0.0975  0.000e+00
     41.000     4.6800   13.85738  4.478e-01    74.7832      1.162    216.170      9.372  4.399e+00          0    37.3753     40.207     0.0974  0.000e+00
     41.500     4.6408   13.85410  4.109e-01    75.1503      1.143    216.332      9.346  4.383e+00          0    36.4306     40.698     0.0975  0.000e+00
     42.000     4.6047   13.67189  3.807e-01    75.3361      1.133    216.365      9.322  4.112e+00          0    37.1454     41.188     0.0975  0.000e+00
     42.500     4.5679   13.55271  3.543e-01    75.4508      1.127    216.504      9.304  3.828e+00          0    39.0684     41.678     0.0975  0.000e+00
     43.000     4.5226   13.51927  3.298e-01    75.7098      1.113    216.632      9.287  3.626e+00          0    39.9667     42.168     0.0975  0.000e+00
     43.500     4.4842   13.50091  3.170e-01    75.9983      1.098    216.703      9.272  3.436e+00          0    38.4466     42.659     0.0975  0.000e+00
     44.000     4.4542   13.56321  3.170e-01    76.1614      1.089    216.803      9.260  3.294e+00          0    35.1432     43.149     0.0976  0.000e+00
     44.500     4.4277   13.45763  3.170e-01    76.4301      1.075    216.851      9.251  3.154e+00          0    33.0982     43.640     0.0975  0.000e+00
     45.000     4.4073   13.26460  3.170e-01    76.5833      1.067    216.915      9.240  3.040e+00          0    37.5083     44.130     0.0975  0.000e+00
     45.500     4.3801   13.24289  3.170e-01    76.6891      1.062    217.017      9.229  2.892e+00          0    34.4977     44.620     0.0976  0.000e+00
     46.000     4.3473   13.26899  3.170e-01    76.9635      1.047    217.076      9.217  2.771e+00          0    35.5997     45.111     0.0976  0.000e+00
     46.500     4.3222   13.33371  3.170e-01    77.0870      1.041    217.147      9.206  2.700e+00          0    38.8401     45.601     0.0976  0.000e+00
     47.000     4.3002   13.19599  3.170e-01    77.1684      1.037    217.265      9.195  2.558e+00          0    42.9149     46.091     0.0976  0.000e+00
     47.500     4.2815   13.05929  3.170e-01    77.2475      1.033    217.291      9.181  2.438e+00          0    34.1160     46.582     0.0976  0.000e+00
     48.000     4.2661   13.11954  3.170e-01    77.2839      1.031    217.348      9.170  2.434e+00          0    38.5087     47.072     0.0976  0.000e+00
     48.500     4.2471   13.06957  3.170e-01    77.2642      1.032    217.416      9.160  2.327e+00          0    34.4662     47.562     0.0977  0.000e+00
     49.000     4.2230   13.02426  3.170e-01    77.1552      1.037    217.543      9.152  2.261e+00          0    37.8210     48.053     0.0977  0.000e+00
     49.500     4.2025   12.92493  3.170e-01    77.4438      1.022    217.623      9.141  2.253e+00          0    33.1705     48.543     0.0977  0.000e+00
     50.000     4.1930   12.82513  3.170e-01    77.4092      1.024    217.707      9.130  2.141e+00          0    25.7690     49.033     0.0978  0.000e+00
     50.500     4.1857   12.81425  3.170e-01    77.4324      1.023    217.762      9.119  2.049e+00          0    36.5044     49.523     0.0978  0.000e+00
     51.000     4.1766   12.88115  3.170e-01    77.3147      1.029    217.811      9.111  2.043e+00          0    41.0561     50.014     0.0978  0.000e+00
     51.500     4.1674   12.78527  3.170e-01    77.2766      1.031    217.902      9.104  1.994e+00          0    37.6729     50.504     0.0978  0.000e+00
