analysis/data/sampleData/ON55_1999.cnv
* Sea-Bird SBE 9 Raw Data File:
* FileName = C:\summer1999\on559922.dat
* Software Version Seasave Win32 v1.10
* Temperature SN = 1554
* Conductivity SN = 2244
* Number of Bytes Per Scan = 24
* Number of Voltage Words = 4
* System UpLoad Time = Aug 11 1999 06:47:20
** Ship:  R/V Lake Guardian 
** Cruise:    summer cruise 1999 
** Station:    on559921
** Latitude:   
** Longitude:  
# nquan = 12
# nvalues = 760                         
# units = metric
# name 0 = depF: depth, fresh water [meters]
# name 1 = t068: temperature, IPTS-68 [deg C]
# name 2 = oxMg/L: oxygen [mg per liter]
# name 3 = par: irradiance (PAR)
# name 4 = alt: altimeter [meters]
# name 5 = flS: fluorometer, sea tech
# name 6 = specc: specific conductance
# name 7 = bat: beam attenuation coefficient
# name 8 = nbf: number of bottles fired
# name 9 = ph: pH
# name 10 = timeJ: time [julian days]
# name 11 = flag:  0.000e+00
# span 0 = 0.500, 190.500               
# span 1 = 3.7468, 21.7829              
# span 2 = 5.38366, 14.94362            
# span 3 = 3.170e-01, 2.929e+01         
# span 4 = 13.14286, 51.85899           
# span 5 = 3.447e-01, 3.617e+00         
# span 6 = 292.850, 314.489             
# span 7 = 0.827, 1.379                 
# span 8 = 0, 12                        
# span 9 = 9.232, 10.324                
# span 10 = 223.28345, 223.30077        
# span 11 = 0.000e+00, 0.000e+00        
# interval = meters: 0.5                                
# start_time = Aug 11 1999 06:47:20
# bad_flag = -9.990e-29
*END*
      0.500    21.7752    5.38366  2.929e+01   50.00000  2.433e+00    293.093      1.366          0     10.210  223.28345  0.000e+00
      1.000    21.7748    7.09286  1.075e+01   50.00000  2.922e+00    292.850      1.368          0     10.221  223.28347  0.000e+00
      1.500    21.7697    9.59719  8.276e+00   49.93321  3.596e+00    295.391      1.360          0     10.290  223.28451  0.000e+00
      2.000    21.7719    9.05229  7.415e+00   49.99680  3.391e+00    295.029      1.372          0     10.295  223.28551  0.000e+00
      2.500    21.7710    9.08234  6.452e+00   50.00000  3.398e+00    295.024      1.374          0     10.302  223.28561  0.000e+00
      3.000    21.7713    9.09238  5.406e+00   50.00000  3.424e+00    295.066      1.371          0     10.306  223.28562  0.000e+00
      3.500    21.7749    9.06902  4.525e+00   50.00000  3.404e+00    295.076      1.371          0     10.308  223.28563  0.000e+00
      4.000    21.7762    9.05186  3.832e+00   50.00000  3.415e+00    295.057      1.371          0     10.310  223.28564  0.000e+00
      4.500    21.7757    9.04228  3.239e+00   50.00000  3.393e+00    295.030      1.370          0     10.313  223.28565  0.000e+00
      5.000    21.7774    9.05355  2.763e+00   50.00000  3.377e+00    295.086      1.371          0     10.315  223.28567  0.000e+00
      5.500    21.7770    9.05701  2.371e+00   50.00000  3.409e+00    295.066      1.376          0     10.315  223.28568  0.000e+00
      6.000    21.7778    9.04157  2.030e+00   50.00000  3.434e+00    295.070      1.372          0     10.320  223.28569  0.000e+00
      6.500    21.7782    9.03212  1.745e+00   49.84080  3.420e+00    295.083      1.371          0     10.320  223.28570  0.000e+00
      7.000    21.7786    9.03082  1.513e+00   49.99834  3.382e+00    295.010      1.371          0     10.320  223.28571  0.000e+00
      7.500    21.7792    9.04381  1.307e+00   49.57170  3.347e+00    295.083      1.368          0     10.323  223.28572  0.000e+00
      8.000    21.7792    9.06969  1.146e+00   49.98675  3.347e+00    295.053      1.369          0     10.324  223.28573  0.000e+00
      8.500    21.7787    9.06696  9.958e-01   50.00000  3.476e+00    295.098      1.368          0     10.324  223.28574  0.000e+00
      9.000    21.7796    9.06643  8.727e-01   50.00000  3.518e+00    295.047      1.367          0     10.324  223.28575  0.000e+00
      9.500    21.7798    9.06029  7.681e-01   49.94977  3.507e+00    295.074      1.366          0     10.324  223.28576  0.000e+00
     10.000    21.7797    9.03674  6.765e-01   48.86955  3.494e+00    295.104      1.365          0     10.324  223.28577  0.000e+00
     10.500    21.7797    9.03611  5.991e-01   50.11736  3.468e+00    295.091      1.364          0     10.324  223.28578  0.000e+00
     11.000    21.7786    9.03819  5.309e-01   50.00000  3.456e+00    295.098      1.362          0     10.324  223.28580  0.000e+00
     11.500    21.7773    9.02331  4.723e-01   50.00000  3.409e+00    295.036      1.364          0     10.324  223.28580  0.000e+00
     12.000    21.7779    9.00215  4.211e-01   50.00000  3.377e+00    295.047      1.366          0     10.324  223.28582  0.000e+00
     12.500    21.7801    9.03755  3.764e-01   50.00000  3.373e+00    295.108      1.369          0     10.324  223.28583  0.000e+00
     13.000    21.7803    9.06599  3.369e-01   48.03953  3.338e+00    295.121      1.362          0     10.324  223.28584  0.000e+00
     13.500    21.7785    9.06216  3.170e-01   50.00000  3.314e+00    295.077      1.358          0     10.324  223.28585  0.000e+00
     14.000    21.7776    9.03170  3.170e-01   46.30908  3.338e+00    295.097      1.362          0     10.324  223.28586  0.000e+00
     14.500    21.7782    9.00075  3.170e-01   49.93556  3.330e+00    295.059      1.365          0     10.324  223.28587  0.000e+00
     15.000    21.7788    9.03019  3.170e-01   50.00000  3.333e+00    295.133      1.358          0     10.324  223.28588  0.000e+00
     15.500    21.7801    9.04701  3.170e-01   50.00000  3.320e+00    295.068      1.362          0     10.324  223.28589  0.000e+00
     16.000    21.7803    9.04023  3.170e-01   50.00000  3.308e+00    295.153      1.359          0     10.324  223.28590  0.000e+00
     16.500    21.7795    9.04116  3.170e-01   50.00000  3.383e+00    295.078      1.359          0     10.324  223.28591  0.000e+00
     17.000    21.7781    9.04494  3.170e-01   50.00000  3.380e+00    295.131      1.359          0     10.324  223.28592  0.000e+00
     17.500    21.7785    9.03541  3.170e-01   50.00000  3.409e+00    295.099      1.360          0     10.324  223.28593  0.000e+00
     18.000    21.7767    9.01054  3.170e-01   50.00000  3.428e+00    295.134      1.359          0     10.321  223.28594  0.000e+00
     18.500    21.7257    9.03923  3.170e-01   50.00000  3.422e+00    295.200      1.362          0     10.320  223.28595  0.000e+00
     19.000    20.9391    9.28653  3.170e-01   50.00000  3.397e+00    296.235      1.347          0     10.297  223.28597  0.000e+00
     19.500    19.2107    9.78438  3.170e-01   50.00000  3.372e+00    298.124      1.310          0     10.179  223.28598  0.000e+00
     20.000    18.3822    9.80863  3.170e-01   50.00000  3.343e+00    298.828      1.264          0     10.024  223.28599  0.000e+00
     20.500    18.0756    9.18352  3.170e-01   50.00000  3.196e+00    299.064      1.255          0      9.950  223.28600  0.000e+00
     21.000    17.8591    8.65324  3.170e-01   50.00000  3.076e+00    299.117      1.244          0      9.915  223.28601  0.000e+00
     21.500    17.5177    8.63873  3.170e-01   50.00000  2.916e+00    299.248      1.241          0      9.891  223.28602  0.000e+00
     22.000    16.8991    8.93217  3.170e-01   50.00000  2.819e+00    299.653      1.246          0      9.868  223.28603  0.000e+00
     22.500    16.5199    9.07251  3.170e-01   50.00000  2.741e+00    299.911      1.249          0      9.847  223.28604  0.000e+00
     23.000    16.1429    9.12047  3.170e-01   48.81349  2.672e+00    300.076      1.230          0      9.828  223.28605  0.000e+00
     23.500    15.6944    9.31667  3.170e-01   49.98525  2.725e+00    300.451      1.213          0      9.810  223.28606  0.000e+00
     24.000    15.1787    9.58072  3.170e-01   50.00000  2.669e+00    300.736      1.194          0      9.808  223.28607  0.000e+00
     24.500    14.1361    9.89800  3.170e-01   50.00000  2.558e+00    301.272      1.185          0      9.823  223.28608  0.000e+00
     25.000    12.9844   10.28634  3.170e-01   50.00000  2.452e+00    301.918      1.179          0      9.833  223.28609  0.000e+00
     25.500    11.9611   10.69111  3.170e-01   50.00000  2.373e+00    302.907      1.175          0      9.819  223.28610  0.000e+00
     26.000    11.3070   11.14363  3.170e-01   49.58066  2.319e+00    303.647      1.145          0      9.783  223.28611  0.000e+00
     26.500    10.6952   11.61384  3.170e-01   47.73242  2.266e+00    304.135      1.114          0      9.770  223.28613  0.000e+00
     27.000    10.3472   11.66309  3.170e-01   49.84512  2.177e+00    304.174      1.102          0      9.746  223.28613  0.000e+00
     27.500     9.9793   11.63950  3.170e-01   50.00000  2.109e+00    304.217      1.095          0      9.742  223.28615  0.000e+00
     28.000     9.6112   11.63110  3.170e-01   50.00000  2.038e+00    304.556      1.098          0      9.751  223.28616  0.000e+00
     28.500     9.2940   11.78498  3.170e-01   50.00000  1.984e+00    304.901      1.091          0      9.745  223.28617  0.000e+00
     29.000     9.0518   12.00142  3.170e-01   50.00000  1.928e+00    305.272      1.086          0      9.732  223.28618  0.000e+00
     29.500     8.9210   12.08560  3.170e-01   45.80015  1.908e+00    305.437      1.079          0      9.715  223.28619  0.000e+00
     30.000     8.7209   12.12591  3.170e-01   49.85654  1.884e+00    305.787      1.064          0      9.699  223.28620  0.000e+00
     30.500     8.4790   12.08291  3.170e-01   50.00000  1.862e+00    306.154      1.040          0      9.678  223.28621  0.000e+00
     31.000     8.2852   11.98531  3.170e-01   50.00000  1.785e+00    306.432      1.034          0      9.661  223.28622  0.000e+00
     31.500     8.0858   11.89549  3.170e-01   50.00000  1.760e+00    306.729      1.026          0      9.646  223.28623  0.000e+00
     32.000     7.8698   11.85829  3.170e-01   49.07861  1.691e+00    307.055      1.011          0      9.632  223.28624  0.000e+00
     32.500     7.6738   11.82787  3.170e-01   49.50319  1.609e+00    307.177      1.010          0      9.616  223.28625  0.000e+00
     33.000     7.5689   11.84441  3.170e-01   45.03713  1.506e+00    307.351      1.002          0      9.598  223.28626  0.000e+00
     33.500     7.4306   11.83410  3.170e-01   50.03080  1.434e+00    307.416      0.995          0      9.585  223.28627  0.000e+00
     34.000     7.1167   11.80480  3.170e-01   50.00000  1.390e+00    307.968      0.988          0      9.574  223.28628  0.000e+00
     34.500     6.8347   11.82510  3.170e-01   50.00000  1.320e+00    308.289      0.980          0      9.561  223.28629  0.000e+00
     35.000     6.6231   11.94344  3.170e-01   50.00000  1.261e+00    308.564      0.973          0      9.542  223.28630  0.000e+00
     35.500     6.4503   11.78910  3.170e-01   48.02367  1.202e+00    308.786      0.957          0      9.528  223.28632  0.000e+00
     36.000     6.3609   11.73520  3.170e-01   43.03975  1.162e+00    309.043      0.952          0      9.515  223.28633  0.000e+00
     36.500     6.2818   11.71404  3.170e-01   50.20522  1.143e+00    309.322      0.947          0      9.502  223.28634  0.000e+00
     37.000     6.2253   11.68420  3.170e-01   50.00000  1.097e+00    309.331      0.942          0      9.490  223.28635  0.000e+00
     37.500     6.1772   11.63779  3.170e-01   50.00000  1.041e+00    309.305      0.938          0      9.485  223.28636  0.000e+00
     38.000     6.1258   11.61667  3.170e-01   50.00000  9.797e-01    309.389      0.937          0      9.480  223.28637  0.000e+00
     38.500     6.0666   11.71101  3.170e-01   45.33580  9.520e-01    309.442      0.933          0      9.478  223.28638  0.000e+00
     39.000     6.0210   11.74450  3.170e-01   49.94879  9.434e-01    309.574      0.931          0      9.476  223.28639  0.000e+00
     39.500     5.9896   11.63294  3.170e-01   50.00000  9.042e-01    309.574      0.929          0      9.472  223.28640  0.000e+00
     40.000     5.9528   11.58137  3.170e-01   50.00000  8.790e-01    309.509      0.927          0      9.472  223.28641  0.000e+00
     40.500     5.8833   11.69433  3.170e-01   50.00000  8.365e-01    309.578      0.923          0      9.480  223.28642  0.000e+00
     41.000     5.8086   11.81597  3.170e-01   50.00000  8.062e-01    309.664      0.922          0      9.489  223.28643  0.000e+00
     41.500     5.7566   11.80098  3.170e-01   50.00000  8.122e-01    309.689      0.919          0      9.493  223.28644  0.000e+00
     42.000     5.7052   11.94042  3.170e-01   43.63827  7.906e-01    309.747      0.916          0      9.497  223.28645  0.000e+00
     42.500     5.6540   12.10755  3.170e-01   50.17584  7.611e-01    309.775      0.912          0      9.500  223.28646  0.000e+00
     43.000     5.6113   12.19664  3.170e-01   50.00000  7.593e-01    309.978      0.910          0      9.499  223.28648  0.000e+00
     43.500     5.5942   12.25325  3.170e-01   50.00000  7.524e-01    309.938      0.906          0      9.499  223.28648  0.000e+00
     44.000     5.5704   12.23880  3.170e-01   50.00000  7.432e-01    310.004      0.905          0      9.502  223.28650  0.000e+00
     44.500     5.5381   12.20183  3.170e-01   50.00000  7.322e-01    310.001      0.901          0      9.501  223.28651  0.000e+00
     45.000     5.5071   12.19714  3.170e-01   41.37591  7.132e-01    310.184      0.897          0      9.504  223.28652  0.000e+00
     45.500     5.4547   12.27155  3.170e-01   49.09956  6.982e-01    310.316      0.895          0      9.499  223.28653  0.000e+00
     46.000     5.3899   12.33860  3.170e-01   50.00000  6.870e-01    310.410      0.894          0      9.498  223.28654  0.000e+00
     46.500     5.3311   12.37634  3.170e-01   50.00000  6.637e-01    310.690      0.895          0      9.499  223.28655  0.000e+00
     47.000     5.2754   12.32740  3.170e-01   50.00000  6.521e-01    310.720      0.892          0      9.497  223.28656  0.000e+00
     47.500     5.1945   12.27734  3.170e-01   50.00000  6.520e-01    311.077      0.889          0      9.497  223.28657  0.000e+00
     48.000     5.1600   12.31406  3.170e-01   50.00000  6.354e-01    311.292      0.887          0      9.488  223.28658  0.000e+00
     48.500     5.1442   12.36608  3.170e-01   35.00382  6.275e-01    311.417      0.885          0      9.477  223.28659  0.000e+00
     49.000     5.0641   12.46192  3.170e-01   51.08869  6.263e-01    311.499      0.884          0      9.466  223.28660  0.000e+00
     49.500     5.0121   12.37400  3.170e-01   50.00000  6.187e-01    311.550      0.885          0      9.470  223.28661  0.000e+00
     50.000     4.9875   12.29991  3.170e-01   50.00000  6.041e-01    311.565      0.879          0      9.479  223.28662  0.000e+00
     50.500     4.9700   12.27809  3.170e-01   50.00000  5.900e-01    311.659      0.877          0      9.481  223.28663  0.000e+00
     51.000     4.9366   12.42226  3.170e-01   48.97384  5.904e-01    311.686      0.876          0      9.481  223.28664  0.000e+00
     51.500     4.8726   12.59717  3.170e-01   49.96997  6.123e-01    311.753      0.875          0      9.483  223.28666  0.000e+00
     52.000     4.7963   12.62136  3.170e-01   42.17825  5.935e-01    311.920      0.869          0      9.488  223.28667  0.000e+00
     52.500     4.7550   12.50648  3.170e-01   49.61486  5.691e-01    311.904      0.867          0      9.497  223.28668  0.000e+00
     53.000     4.7268   12.56125  3.170e-01   50.00000  5.650e-01    311.897      0.867          0      9.502  223.28669  0.000e+00
     53.500     4.6999   12.70003  3.170e-01   50.00000  5.578e-01    311.908      0.865          0      9.502  223.28670  0.000e+00
     54.000     4.6771   12.78599  3.170e-01   50.00000  5.597e-01    311.942      0.862          0      9.505  223.28671  0.000e+00
     54.500     4.6511   12.90604  3.170e-01   46.70712  5.662e-01    312.109      0.861          0      9.508  223.28672  0.000e+00
     55.000     4.6153   12.82819  3.170e-01   49.97290  5.568e-01    312.126      0.862          0      9.508  223.28673  0.000e+00
     55.500     4.5805   12.80600  3.170e-01   50.00000  5.601e-01    312.260      0.862          0      9.508  223.28674  0.000e+00
     56.000     4.5550   12.87925  3.170e-01   50.00000  5.554e-01    312.272      0.860          0      9.507  223.28675  0.000e+00
     56.500     4.5344   12.83693  3.170e-01   50.00000  5.408e-01    312.307      0.860          0      9.509  223.28676  0.000e+00
     57.000     4.5002   12.90681  3.170e-01   50.00000  5.257e-01    312.413      0.858          0      9.509  223.28677  0.000e+00
     57.500     4.4716   12.99189  3.170e-01   45.76519  5.088e-01    312.425      0.857          0      9.509  223.28678  0.000e+00
     58.000     4.4450   12.95188  3.170e-01   49.59725  5.110e-01    312.532      0.861          0      9.510  223.28679  0.000e+00
     58.500     4.4220   12.91789  3.170e-01   50.00249  5.358e-01    312.507      0.861          0      9.510  223.28680  0.000e+00
     59.000     4.4040   13.06942  3.170e-01   50.00000  5.391e-01    312.532      0.858          0      9.512  223.28681  0.000e+00
     59.500     4.3970   13.06018  3.170e-01   50.00000  5.753e-01    312.495      0.859          0      9.513  223.28682  0.000e+00
     60.000     4.3920   12.95486  3.170e-01   50.00000  5.838e-01    312.569      0.858          0      9.510  223.28683  0.000e+00
