analysis/data/sampleData/ON55_1999.cnv
* Sea-Bird SBE 9 Raw Data File:
* FileName = C:\summer1999\on559922.dat
* Software Version Seasave Win32 v1.10
* Temperature SN = 1554
* Conductivity SN = 2244
* Number of Bytes Per Scan = 24
* Number of Voltage Words = 4
* System UpLoad Time = Aug 11 1999 06:47:20
** Ship:  R/V Lake Guardian 
** Cruise:    summer cruise 1999 
** Station:    on559921
** Latitude:   
** Longitude:  
# nquan = 12
# nvalues = 760                         
# units = metric
# name 0 = depF: depth, fresh water [meters]
# name 1 = t068: temperature, IPTS-68 [deg C]
# name 2 = oxMg/L: oxygen [mg per liter]
# name 3 = par: irradiance (PAR)
# name 4 = alt: altimeter [meters]
# name 5 = flS: fluorometer, sea tech
# name 6 = specc: specific conductance
# name 7 = bat: beam attenuation coefficient
# name 8 = nbf: number of bottles fired
# name 9 = ph: pH
# name 10 = timeJ: time [julian days]
# name 11 = flag:  0.000e+00
# span 0 = 0.500, 190.500               
# span 1 = 3.7468, 21.7829              
# span 2 = 5.38366, 14.94362            
# span 3 = 3.170e-01, 2.929e+01         
# span 4 = 13.14286, 51.85899           
# span 5 = 3.447e-01, 3.617e+00         
# span 6 = 292.850, 314.489             
# span 7 = 0.827, 1.379                 
# span 8 = 0, 12                        
# span 9 = 9.232, 10.324                
# span 10 = 223.28345, 223.30077        
# span 11 = 0.000e+00, 0.000e+00        
# interval = meters: 0.5                                
# start_time = Aug 11 1999 06:47:20
# bad_flag = -9.990e-29
*END*
[from data line 722]
     19.500    16.5852    9.39972  3.170e-01   49.90000  1.729e+00    298.223      1.180         12      9.348  223.30026  0.000e+00
     19.000    16.9216    9.16980  3.170e-01   49.20606  1.836e+00    298.200      1.184         12      9.357  223.30027  0.000e+00
     18.500    17.3323    8.97155  3.170e-01   49.86164  1.889e+00    297.896      1.195         12      9.383  223.30028  0.000e+00
     18.000    17.9699    8.88390  3.170e-01   46.95122  1.963e+00    297.566      1.202         12      9.409  223.30030  0.000e+00
     17.500    18.9804    8.73756  3.170e-01   49.97985  1.980e+00    296.888      1.218         12      9.416  223.30031  0.000e+00
     17.000    19.8015    8.62955  3.170e-01   49.90000  2.014e+00    296.017      1.236         12      9.437  223.30032  0.000e+00
     16.500    21.0819    8.54678  3.170e-01   49.90000  2.085e+00    294.604      1.246         12      9.477  223.30033  0.000e+00
     16.000    21.4202    8.76578  3.170e-01   49.90000  2.156e+00    294.234      1.259         12      9.522  223.30034  0.000e+00
     15.500    21.5608    9.09659  3.170e-01   49.47241  2.189e+00    294.022      1.282         12      9.567  223.30036  0.000e+00
     15.000    21.7284    9.26826  3.170e-01   46.65147  2.238e+00    293.941      1.309         12      9.600  223.30037  0.000e+00
     14.500    21.7433    9.31012  3.181e-01   49.88979  2.293e+00    293.980      1.336         12      9.624  223.30038  0.000e+00
     14.000    21.7601    9.35560  3.420e-01   49.90000  2.415e+00    293.970      1.340         12      9.671  223.30039  0.000e+00
     13.500    21.7626    9.36052  3.793e-01   49.90000  2.495e+00    294.069      1.340         12      9.753  223.30041  0.000e+00
     13.000    21.7667    9.30759  4.218e-01   47.11655  2.571e+00    294.094      1.344         12      9.834  223.30042  0.000e+00
     12.500    21.7555    9.30033  4.686e-01   45.47133  2.690e+00    294.077      1.339         12      9.883  223.30043  0.000e+00
     12.000    21.7251    9.28180  5.234e-01   49.40599  2.759e+00    294.161      1.343         12      9.906  223.30044  0.000e+00
     11.500    21.7723    9.31244  5.850e-01   48.03418  2.782e+00    294.108      1.347         12      9.923  223.30045  0.000e+00
     11.000    21.7553    9.30859  6.563e-01   49.93455  2.857e+00    294.120      1.344         12      9.930  223.30047  0.000e+00
     10.500    21.7629    9.34327  7.369e-01   49.90000  2.961e+00    294.135      1.359         12      9.936  223.30048  0.000e+00
     10.000    21.7442    9.33414  8.297e-01   49.90000  3.124e+00    294.149      1.362         12      9.937  223.30049  0.000e+00
      9.500    21.7559    9.29808  9.387e-01   45.39624  3.163e+00    294.171      1.363         12      9.941  223.30050  0.000e+00
      9.000    21.7560    9.26908  1.062e+00   49.67190  3.196e+00    294.159      1.367         12      9.951  223.30051  0.000e+00
      8.500    21.7733    9.37408  1.206e+00   49.90000  3.234e+00    294.161      1.362         12      9.958  223.30052  0.000e+00
      8.000    21.7801    9.43942  1.369e+00   49.90000  3.304e+00    294.113      1.364         12      9.967  223.30054  0.000e+00
      7.500    21.7696    9.37290  1.572e+00   49.90000  3.331e+00    294.101      1.371         12      9.982  223.30055  0.000e+00
      7.000    21.6807    9.44398  1.789e+00   49.90000  3.365e+00    294.166      1.365         12     10.009  223.30056  0.000e+00
      6.500    21.7697    9.29441  2.056e+00   49.90000  3.420e+00    294.074      1.372         12     10.025  223.30058  0.000e+00
      6.000    21.7308    9.32291  2.367e+00   49.90000  3.438e+00    294.098      1.365         12     10.031  223.30059  0.000e+00
      5.500    21.7553    9.38206  2.751e+00   49.90000  3.489e+00    294.084      1.375         12     10.036  223.30060  0.000e+00
      5.000    21.7764    9.40903  3.192e+00   49.42576  3.595e+00    294.071      1.372         12     10.044  223.30061  0.000e+00
      4.500    21.7313    9.55615  3.714e+00   49.24484  3.617e+00    294.046      1.376         12     10.052  223.30063  0.000e+00
      4.000    21.7774    9.54107  4.356e+00   49.94732  3.596e+00    294.040      1.379         12     10.059  223.30064  0.000e+00
      3.500    21.7323    9.46954  5.124e+00   49.90000  3.576e+00    294.009      1.375         12     10.065  223.30065  0.000e+00
      3.000    21.7780    9.45653  6.096e+00   49.90000  3.522e+00    293.988      1.374         12     10.072  223.30066  0.000e+00
      2.500    21.7558    9.48651  7.171e+00   49.90000  3.482e+00    293.955      1.377         12     10.083  223.30067  0.000e+00
      2.000    21.7829    9.54010  8.643e+00   48.86152  3.459e+00    293.926      1.375         12     10.090  223.30069  0.000e+00
      1.500    21.7708    9.48320  1.030e+01   49.90355  3.470e+00    293.947      1.376         12     10.100  223.30071  0.000e+00
      1.000    21.7607    9.41589  1.230e+01   49.90000  3.515e+00    293.867      1.379         12     10.122  223.30077  0.000e+00
