analysis/data/sampleData/ON55_1999.cnv
* Sea-Bird SBE 9 Raw Data File:
* FileName = C:\summer1999\on559922.dat
* Software Version Seasave Win32 v1.10
* Temperature SN = 1554
* Conductivity SN = 2244
* Number of Bytes Per Scan = 24
* Number of Voltage Words = 4
* System UpLoad Time = Aug 11 1999 06:47:20
** Ship:  R/V Lake Guardian 
** Cruise:    summer cruise 1999 
** Station:    on559921
** Latitude:   
** Longitude:  
# nquan = 12
# nvalues = 760                         
# units = metric
# name 0 = depF: depth, fresh water [meters]
# name 1 = t068: temperature, IPTS-68 [deg C]
# name 2 = oxMg/L: oxygen [mg per liter]
# name 3 = par: irradiance (PAR)
# name 4 = alt: altimeter [meters]
# name 5 = flS: fluorometer, sea tech
# name 6 = specc: specific conductance
# name 7 = bat: beam attenuation coefficient
# name 8 = nbf: number of bottles fired
# name 9 = ph: pH
# name 10 = timeJ: time [julian days]
# name 11 = flag:  0.000e+00
# span 0 = 0.500, 190.500               
# span 1 = 3.7468, 21.7829              
# span 2 = 5.38366, 14.94362            
# span 3 = 3.170e-01, 2.929e+01         
# span 4 = 13.14286, 51.85899           
# span 5 = 3.447e-01, 3.617e+00         
# span 6 = 292.850, 314.489             
# span 7 = 0.827, 1.379                 
# span 8 = 0, 12                        
# span 9 = 9.232, 10.324                
# span 10 = 223.28345, 223.30077        
# span 11 = 0.000e+00, 0.000e+00        
# interval = meters: 0.5                                
# start_time = Aug 11 1999 06:47:20
# bad_flag = -9.990e-29
*END*
[from data line 241]
    121.000     3.8613   14.46276  3.170e-01   50.00000  3.868e-01    313.597      1.019          0      9.461  223.28816  0.000e+00
    121.500     3.8615   14.49351  3.170e-01   49.51970  4.229e-01    313.757      1.021          0      9.461  223.28817  0.000e+00
    122.000     3.8617   14.49543  3.170e-01   49.01027  4.357e-01    313.635      1.026          0      9.461  223.28818  0.000e+00
    122.500     3.8617   14.51219  3.170e-01   50.00668  4.242e-01    313.733      1.026          0      9.459  223.28819  0.000e+00
    123.000     3.8618   14.54712  3.170e-01   50.00000  4.018e-01    313.677      1.026          0      9.458  223.28820  0.000e+00
    123.500     3.8612   14.59496  3.170e-01   50.00000  3.810e-01    313.684      1.027          0      9.458  223.28821  0.000e+00
    124.000     3.8612   14.51480  3.170e-01   50.00000  3.827e-01    313.722      1.029          0      9.457  223.28822  0.000e+00
    124.500     3.8623   14.54825  3.170e-01   49.18127  3.782e-01    313.661      1.029          0      9.457  223.28823  0.000e+00
    125.000     3.8618   14.56816  3.170e-01   48.02774  3.952e-01    313.775      1.029          0      9.455  223.28825  0.000e+00
    125.500     3.8612   14.55298  3.170e-01   49.79322  4.034e-01    313.755      1.031          0      9.453  223.28826  0.000e+00
    126.000     3.8607   14.57610  3.170e-01   50.00000  3.848e-01    313.661      1.032          0      9.452  223.28827  0.000e+00
    126.500     3.8615   14.61226  3.170e-01   50.00000  3.942e-01    313.753      1.032          0      9.452  223.28828  0.000e+00
    127.000     3.8627   14.52252  3.170e-01   50.00000  3.913e-01    313.762      1.033          0      9.452  223.28829  0.000e+00
    127.500     3.8624   14.55561  3.170e-01   50.00000  3.793e-01    313.712      1.038          0      9.452  223.28830  0.000e+00
    128.000     3.8594   14.57431  3.170e-01   45.75174  3.844e-01    313.705      1.035          0      9.452  223.28831  0.000e+00
    128.500     3.8590   14.58291  3.170e-01   50.17924  4.198e-01    313.713      1.036          0      9.452  223.28832  0.000e+00
    129.000     3.8585   14.56840  3.170e-01   50.00000  3.932e-01    313.668      1.037          0      9.452  223.28834  0.000e+00
    129.500     3.8535   14.57596  3.170e-01   50.00000  4.073e-01    313.743      1.038          0      9.452  223.28835  0.000e+00
    130.000     3.8522   14.58170  3.170e-01   50.00000  4.059e-01    313.657      1.040          0      9.452  223.28836  0.000e+00
    130.500     3.8488   14.67001  3.170e-01   50.00000  4.078e-01    313.754      1.037          0      9.452  223.28837  0.000e+00
    131.000     3.8486   14.71147  3.170e-01   44.41902  4.225e-01    313.730      1.043          0      9.452  223.28838  0.000e+00
    131.500     3.8478   14.63734  3.170e-01   49.56954  4.073e-01    313.651      1.043          0      9.452  223.28839  0.000e+00
    132.000     3.8464   14.61582  3.170e-01   50.00000  4.045e-01    313.763      1.047          0      9.452  223.28840  0.000e+00
    132.500     3.8449   14.72189  3.170e-01   49.97240  3.967e-01    313.724      1.041          0      9.452  223.28841  0.000e+00
    133.000     3.8439   14.69163  3.170e-01   50.00149  4.071e-01    313.640      1.041          0      9.452  223.28843  0.000e+00
    133.500     3.8435   14.60489  3.170e-01   49.53100  3.919e-01    313.749      1.042          0      9.452  223.28844  0.000e+00
    134.000     3.8410   14.67650  3.170e-01   42.91821  4.024e-01    313.650      1.045          0      9.452  223.28845  0.000e+00
    134.500     3.8399   14.66262  3.170e-01   49.65317  4.098e-01    313.752      1.046          0      9.452  223.28846  0.000e+00
    135.000     3.8367   14.69667  3.170e-01   49.93330  4.021e-01    313.684      1.046          0      9.452  223.28847  0.000e+00
    135.500     3.8345   14.73026  3.170e-01   49.25166  3.894e-01    313.642      1.047          0      9.452  223.28848  0.000e+00
    136.000     3.8336   14.70269  3.170e-01   50.08606  3.889e-01    313.757      1.046          0      9.452  223.28849  0.000e+00
    136.500     3.8326   14.75955  3.170e-01   47.91089  4.076e-01    313.657      1.047          0      9.452  223.28850  0.000e+00
    137.000     3.8330   14.78775  3.170e-01   50.01124  3.900e-01    313.713      1.051          0      9.452  223.28852  0.000e+00
    137.500     3.8338   14.78888  3.170e-01   50.00000  3.872e-01    313.690      1.049          0      9.452  223.28852  0.000e+00
    138.000     3.8320   14.74501  3.170e-01   50.00000  3.842e-01    313.710      1.051          0      9.452  223.28854  0.000e+00
    138.500     3.8298   14.68086  3.170e-01   48.05165  3.769e-01    313.712      1.055          0      9.452  223.28855  0.000e+00
    139.000     3.8260   14.74532  3.170e-01   50.16213  3.886e-01    313.718      1.049          0      9.452  223.28856  0.000e+00
    139.500     3.8213   14.77557  3.170e-01   49.46784  3.805e-01    313.673      1.054          0      9.452  223.28857  0.000e+00
    140.000     3.8174   14.84268  3.170e-01   46.92638  3.783e-01    313.779      1.056          0      9.452  223.28858  0.000e+00
    140.500     3.8154   14.78252  3.170e-01   50.04193  3.940e-01    313.717      1.057          0      9.452  223.28859  0.000e+00
    141.000     3.8160   14.74898  3.170e-01   50.00000  3.695e-01    313.798      1.054          0      9.452  223.28860  0.000e+00
    141.500     3.8165   14.78335  3.170e-01   46.93341  3.784e-01    313.733      1.053          0      9.452  223.28861  0.000e+00
    142.000     3.8168   14.80029  3.170e-01   50.31379  3.913e-01    313.789      1.055          0      9.452  223.28863  0.000e+00
    142.500     3.8175   14.77258  3.170e-01   50.00000  4.096e-01    313.746      1.055          0      9.452  223.28864  0.000e+00
    143.000     3.8178   14.80055  3.170e-01   44.72253  4.065e-01    313.673      1.054          0      9.452  223.28865  0.000e+00
    143.500     3.8175   14.77907  3.170e-01   50.03931  3.838e-01    313.831      1.059          0      9.452  223.28866  0.000e+00
    144.000     3.8167   14.81594  3.170e-01   49.90570  3.690e-01    313.749      1.059          0      9.452  223.28867  0.000e+00
    144.500     3.8164   14.84377  3.170e-01   47.60699  3.559e-01    313.783      1.060          0      9.452  223.28868  0.000e+00
    145.000     3.8167   14.85123  3.170e-01   48.86918  3.461e-01    313.732      1.062          0      9.447  223.28869  0.000e+00
    145.500     3.8172   14.79153  3.170e-01   48.20801  3.577e-01    313.710      1.062          0      9.447  223.28870  0.000e+00
    146.000     3.8172   14.79113  3.170e-01   42.62219  3.708e-01    313.768      1.063          0      9.447  223.28872  0.000e+00
    146.500     3.8190   14.86011  3.170e-01   47.27524  3.644e-01    313.732      1.068          0      9.447  223.28873  0.000e+00
    147.000     3.8212   14.84892  3.170e-01   46.64012  3.573e-01    313.852      1.068          0      9.447  223.28874  0.000e+00
    147.500     3.8203   14.81968  3.170e-01   46.01602  3.714e-01    313.854      1.067          0      9.443  223.28875  0.000e+00
    148.000     3.8204   14.73883  3.170e-01   42.66726  3.844e-01    313.796      1.068          0      9.442  223.28876  0.000e+00
    148.500     3.8073   14.72513  3.170e-01   45.44226  3.860e-01    313.793      1.072          0      9.443  223.28877  0.000e+00
    149.000     3.7989   14.78647  3.170e-01   38.28675  3.852e-01    313.827      1.076          0      9.443  223.28878  0.000e+00
    149.500     3.7882   14.83961  3.170e-01   44.65996  3.795e-01    313.866      1.079          0      9.443  223.28879  0.000e+00
    150.000     3.7859   14.84280  3.170e-01   43.59847  3.871e-01    313.827      1.081          0      9.444  223.28880  0.000e+00
    150.500     3.7860   14.74715  3.170e-01   43.02303  4.123e-01    313.813      1.079          0      9.447  223.28881  0.000e+00
    151.000     3.7812   14.86194  3.170e-01   42.65443  4.177e-01    313.889      1.079          0      9.446  223.28883  0.000e+00
    151.500     3.7798   14.94362  3.170e-01   40.91583  3.988e-01    313.909      1.083          0      9.448  223.28884  0.000e+00
    152.000     3.7798   14.83188  3.170e-01   41.71197  3.888e-01    313.837      1.082          0      9.448  223.28885  0.000e+00
    152.500     3.7779   14.82156  3.170e-01   40.94693  3.908e-01    313.848      1.083          0      9.448  223.28886  0.000e+00
    153.000     3.7757   14.85830  3.170e-01   41.89851  3.782e-01    313.901      1.086          0      9.444  223.28887  0.000e+00
    153.500     3.7752   14.87553  3.170e-01   45.79445  4.330e-01    313.905      1.086          0      9.443  223.28888  0.000e+00
    154.000     3.7750   14.89725  3.170e-01   41.02796  4.194e-01    313.858      1.089          0      9.443  223.28889  0.000e+00
    154.500     3.7735   14.91947  3.170e-01   38.87497  3.961e-01    313.831      1.090          0      9.443  223.28890  0.000e+00
    155.000     3.7731   14.84520  3.170e-01   35.94782  3.737e-01    313.922      1.091          0      9.443  223.28891  0.000e+00
    155.500     3.7722   14.86264  3.170e-01   40.64022  3.624e-01    313.882      1.093          0      9.443  223.28893  0.000e+00
    156.000     3.7710   14.91629  3.170e-01   43.06453  3.600e-01    313.998      1.099          0      9.440  223.28894  0.000e+00
    156.500     3.7697   14.85271  3.170e-01   37.27762  3.692e-01    313.914      1.102          0      9.438  223.28895  0.000e+00
    157.000     3.7666   14.89450  3.170e-01   39.45989  3.892e-01    314.010      1.108          0      9.438  223.28896  0.000e+00
    157.500     3.7650   14.90250  3.170e-01   41.29487  3.886e-01    314.043      1.114          0      9.434  223.28897  0.000e+00
    158.000     3.7634   14.86394  3.170e-01   30.72786  3.875e-01    314.067      1.114          0      9.433  223.28898  0.000e+00
    158.500     3.7624   14.78415  3.170e-01   35.10606  3.864e-01    314.030      1.115          0      9.433  223.28899  0.000e+00
    159.000     3.7633   14.79325  3.170e-01   34.17985  3.776e-01    314.066      1.112          0      9.451  223.28900  0.000e+00
    159.500     3.7652   14.88790  3.170e-01   33.87593  3.730e-01    314.016      1.126          0      9.444  223.28901  0.000e+00
    160.000     3.7652   14.83009  3.170e-01   36.23733  3.807e-01    314.029      1.130          0      9.436  223.28902  0.000e+00
    160.500     3.7641   14.80951  3.170e-01   35.29713  3.687e-01    314.066      1.134          0      9.433  223.28904  0.000e+00
    161.000     3.7644   14.77966  3.170e-01   38.45465  3.559e-01    313.967      1.147          0      9.430  223.28905  0.000e+00
    161.500     3.7645   14.79986  3.170e-01   35.12365  3.639e-01    314.028      1.152          0      9.428  223.28906  0.000e+00
    162.000     3.7623   14.81808  3.170e-01   30.89557  3.582e-01    314.020      1.156          0      9.428  223.28907  0.000e+00
    162.500     3.7569   14.75575  3.170e-01   30.53790  3.603e-01    314.150      1.166          0      9.426  223.28908  0.000e+00
    163.000     3.7558   14.78001  3.170e-01   29.99946  3.773e-01    314.228      1.171          0      9.424  223.28909  0.000e+00
    163.500     3.7546   14.78345  3.170e-01   29.48738  3.699e-01    314.204      1.181          0      9.424  223.28910  0.000e+00
    164.000     3.7512   14.77054  3.170e-01   28.97721  3.990e-01    314.468      1.186          0      9.419  223.28911  0.000e+00
    164.500     3.7509   14.72437  3.170e-01   28.45849  4.192e-01    314.353      1.196          0      9.416  223.28913  0.000e+00
    165.000     3.7508   14.70018  3.170e-01   32.80936  4.033e-01    314.293      1.197          0      9.414  223.28914  0.000e+00
    165.500     3.7504   14.72745  3.170e-01   49.19869  3.960e-01    314.384      1.196          0      9.414  223.28915  0.000e+00
    166.000     3.7505   14.75666  3.170e-01   45.34193  4.041e-01    314.275      1.196          0      9.414  223.28916  0.000e+00
    166.500     3.7504   14.73004  3.170e-01   39.02730  4.053e-01    314.352      1.198          0      9.414  223.28917  0.000e+00
    167.000     3.7499   14.69706  3.170e-01   31.21771  3.919e-01    314.343      1.198          0      9.414  223.28918  0.000e+00
    167.500     3.7494   14.66448  3.170e-01   51.85899  3.811e-01    314.457      1.207          0      9.414  223.28919  0.000e+00
    168.000     3.7495   14.68090  3.170e-01   38.99018  3.678e-01    314.388      1.209          0      9.414  223.28920  0.000e+00
    168.500     3.7491   14.75889  3.170e-01   43.12477  3.630e-01    314.355      1.209          0      9.413  223.28922  0.000e+00
    169.000     3.7488   14.68037  3.170e-01   35.44636  3.663e-01    314.481      1.209          0      9.409  223.28923  0.000e+00
    169.500     3.7481   14.68602  3.170e-01   38.89579  3.723e-01    314.489      1.213          0      9.409  223.28924  0.000e+00
    170.000     3.7482   14.72792  3.170e-01   45.34992  3.820e-01    314.462      1.215          0      9.409  223.28925  0.000e+00
    170.500     3.7480   14.71397  3.170e-01   48.65161  3.933e-01    314.424      1.219          0      9.409  223.28926  0.000e+00
    171.000     3.7480   14.64468  3.170e-01   49.90609  3.960e-01    314.434      1.219          0      9.409  223.28927  0.000e+00
    171.500     3.7490   14.65945  3.170e-01   45.83933  3.841e-01    314.429      1.219          0      9.409  223.28929  0.000e+00
    172.000     3.7496   14.66972  3.170e-01   45.53852  3.824e-01    314.387      1.218          0      9.409  223.28932  0.000e+00
    172.500     3.7480   14.69771  3.170e-01   49.38547  3.898e-01    314.454      1.218          0      9.408  223.28935  0.000e+00
    173.000     3.7477   14.73416  3.170e-01   23.28213  3.913e-01    314.458      1.221          0      9.404  223.28938  0.000e+00
    173.500     3.7478   14.64855  3.170e-01   41.09050  3.836e-01    314.401      1.226          0      9.404  223.28941  0.000e+00
    174.000     3.7477   14.67222  3.170e-01   45.64771  3.967e-01    314.398      1.222          0      9.404  223.28943  0.000e+00
    174.500     3.7478   14.70026  3.170e-01   32.67324  3.848e-01    314.367      1.225          0      9.403  223.28946  0.000e+00
    175.000     3.7477   14.66011  3.170e-01   17.32231  3.943e-01    314.374      1.225          0      9.400  223.28948  0.000e+00
    175.500     3.7478   14.68417  3.170e-01   40.54027  3.844e-01    314.313      1.219          0      9.399  223.28951  0.000e+00
    176.000     3.7477   14.67216  3.170e-01   43.10702  3.988e-01    314.454      1.225          0      9.399  223.28952  0.000e+00
    176.500     3.7478   14.67966  3.170e-01   50.45796  3.993e-01    314.366      1.225          0      9.399  223.28953  0.000e+00
    177.000     3.7477   14.58931  3.170e-01   30.71302  4.027e-01    314.363      1.225          0      9.399  223.28955  0.000e+00
    177.500     3.7477   14.63469  3.170e-01   39.27321  4.255e-01    314.331      1.223          0      9.399  223.28956  0.000e+00
    178.000     3.7478   14.68620  3.170e-01   32.27201  4.146e-01    314.418      1.225          0      9.399  223.28957  0.000e+00
    178.500     3.7477   14.67845  3.170e-01   44.07424  4.008e-01    314.364      1.224          0      9.399  223.28959  0.000e+00
    179.000     3.7477   14.68158  3.170e-01   50.09217  4.039e-01    314.374      1.226          0      9.396  223.28960  0.000e+00
    179.500     3.7478   14.65602  3.170e-01   50.00000  4.054e-01    314.288      1.224          0      9.394  223.28962  0.000e+00
    180.000     3.7481   14.65956  3.170e-01   47.74390  4.376e-01    314.416      1.238          0      9.394  223.28963  0.000e+00
