analysis/data/sampleData/ON55_1999.cnv
* Sea-Bird SBE 9 Raw Data File:
* FileName = C:\summer1999\on559922.dat
* Software Version Seasave Win32 v1.10
* Temperature SN = 1554
* Conductivity SN = 2244
* Number of Bytes Per Scan = 24
* Number of Voltage Words = 4
* System UpLoad Time = Aug 11 1999 06:47:20
** Ship:  R/V Lake Guardian 
** Cruise:    summer cruise 1999 
** Station:    on559921
** Latitude:   
** Longitude:  
# nquan = 12
# nvalues = 760                         
# units = metric
# name 0 = depF: depth, fresh water [meters]
# name 1 = t068: temperature, IPTS-68 [deg C]
# name 2 = oxMg/L: oxygen [mg per liter]
# name 3 = par: irradiance (PAR)
# name 4 = alt: altimeter [meters]
# name 5 = flS: fluorometer, sea tech
# name 6 = specc: specific conductance
# name 7 = bat: beam attenuation coefficient
# name 8 = nbf: number of bottles fired
# name 9 = ph: pH
# name 10 = timeJ: time [julian days]
# name 11 = flag:  0.000e+00
# span 0 = 0.500, 190.500               
# span 1 = 3.7468, 21.7829              
# span 2 = 5.38366, 14.94362            
# span 3 = 3.170e-01, 2.929e+01         
# span 4 = 13.14286, 51.85899           
# span 5 = 3.447e-01, 3.617e+00         
# span 6 = 292.850, 314.489             
# span 7 = 0.827, 1.379                 
# span 8 = 0, 12                        
# span 9 = 9.232, 10.324                
# span 10 = 223.28345, 223.30077        
# span 11 = 0.000e+00, 0.000e+00        
# interval = meters: 0.5                                
# start_time = Aug 11 1999 06:47:20
# bad_flag = -9.990e-29
*END*
[from data line 361]
    181.000     3.7482   14.63653  3.170e-01   47.30450  3.861e-01    314.343      1.234          0      9.394  223.28969  0.000e+00
    181.500     3.7480   14.65718  3.170e-01   42.50209  4.045e-01    314.349      1.233          0      9.394  223.28973  0.000e+00
    182.000     3.7479   14.63062  3.170e-01   48.22970  3.984e-01    314.295      1.233          0      9.394  223.28976  0.000e+00
    182.500     3.7479   14.65201  3.170e-01   33.65847  3.887e-01    314.298      1.232          0      9.394  223.28980  0.000e+00
    183.000     3.7479   14.60983  3.170e-01   27.33306  3.928e-01    314.310      1.227          0      9.394  223.28983  0.000e+00
    183.500     3.7479   14.64311  3.170e-01   40.35270  3.794e-01    314.297      1.225          0      9.394  223.28986  0.000e+00
    184.000     3.7479   14.63264  3.170e-01   48.91776  4.242e-01    314.248      1.227          0      9.394  223.28989  0.000e+00
    184.500     3.7488   14.54221  3.170e-01   40.94060  4.054e-01    314.061      1.212          0      9.394  223.29026  0.000e+00
    185.000     3.7481   14.45158  3.170e-01   48.08984  4.078e-01    313.913      1.195          0      9.392  223.29068  0.000e+00
    185.500     3.7488   14.41496  3.170e-01   46.36802  4.291e-01    313.873      1.193          0      9.390  223.29073  0.000e+00
    186.000     3.7478   14.40409  3.170e-01   32.28361  4.931e-01    313.857      1.193          0      9.390  223.29080  0.000e+00
    186.500     3.7480   14.38229  3.170e-01   36.97803  4.361e-01    313.855      1.195          0      9.390  223.29084  0.000e+00
    187.000     3.7481   14.36769  3.170e-01   24.80081  4.141e-01    313.835      1.190          0      9.390  223.29089  0.000e+00
    187.500     3.7483   14.35923  3.170e-01   40.10143  4.159e-01    313.836      1.191          0      9.390  223.29095  0.000e+00
    188.000     3.7487   14.33411  3.170e-01   38.48185  4.024e-01    313.807      1.195          0      9.390  223.29100  0.000e+00
    188.500     3.7485   14.30772  3.170e-01   33.85450  4.010e-01    313.773      1.191          0      9.390  223.29106  0.000e+00
    189.000     3.7508   14.24159  3.170e-01   33.79928  4.326e-01    313.677      1.174          0      9.390  223.29134  0.000e+00
    189.500     3.7496   14.16653  3.170e-01   33.62594  4.214e-01    313.590      1.164          0      9.391  223.29166  0.000e+00
    190.000     3.7488   14.16354  3.170e-01   41.55161  4.254e-01    313.623      1.160          0      9.390  223.29168  0.000e+00
    190.500     3.7488   14.09494  3.170e-01   44.70784  4.505e-01    313.520      1.181          0      9.390  223.29171  0.000e+00
    190.000     3.7492   13.86980  3.170e-01   14.40043  4.480e-01    313.223      1.040          1      9.390  223.29325  0.000e+00
    189.500     3.7489   13.83129  3.170e-01   23.28590  4.213e-01    313.210      1.063          3      9.390  223.29333  0.000e+00
    189.000     3.7490   13.83583  3.170e-01   20.56842  4.241e-01    313.232      1.064          3      9.388  223.29331  0.000e+00
    188.500     3.7486   13.83580  3.170e-01   22.28066  4.213e-01    313.235      1.061          3      9.385  223.29334  0.000e+00
    188.000     3.7484   13.82817  3.170e-01   13.14286  4.696e-01    313.184      1.056          3      9.386  223.29336  0.000e+00
    187.500     3.7482   13.83442  3.170e-01   25.35639  5.004e-01    313.185      1.056          3      9.386  223.29338  0.000e+00
    187.000     3.7481   13.83241  3.170e-01   30.73118  4.851e-01    313.199      1.058          3      9.387  223.29340  0.000e+00
    186.500     3.7481   13.84753  3.170e-01   41.89187  4.523e-01    313.201      1.058          3      9.390  223.29343  0.000e+00
    186.000     3.7482   13.82713  3.170e-01   44.67531  4.720e-01    313.208      1.057          3      9.390  223.29345  0.000e+00
    185.500     3.7481   13.80263  3.170e-01   31.01671  4.610e-01    313.166      1.056          3      9.390  223.29347  0.000e+00
    185.000     3.7481   13.82808  3.170e-01   22.42207  4.376e-01    313.177      1.056          3      9.390  223.29349  0.000e+00
    184.500     3.7480   13.82930  3.170e-01   33.92078  4.073e-01    313.156      1.059          3      9.390  223.29351  0.000e+00
    184.000     3.7482   13.82528  3.170e-01   42.60597  4.019e-01    313.169      1.055          3      9.390  223.29353  0.000e+00
    183.500     3.7482   13.80994  3.170e-01   32.31510  4.133e-01    313.153      1.053          3      9.390  223.29355  0.000e+00
    183.000     3.7480   13.79489  3.170e-01   24.20889  3.982e-01    313.171      1.054          3      9.390  223.29357  0.000e+00
    182.500     3.7480   13.82691  3.170e-01   23.60725  4.214e-01    313.100      1.053          3      9.390  223.29359  0.000e+00
    182.000     3.7477   13.79863  3.170e-01   27.18689  4.269e-01    313.102      1.050          4      9.390  223.29372  0.000e+00
    181.500     3.7477   13.77022  3.170e-01   31.80557  4.251e-01    313.110      1.052          5      9.390  223.29392  0.000e+00
    181.000     3.7475   13.77507  3.170e-01   33.70157  4.148e-01    313.099      1.048          5      9.390  223.29397  0.000e+00
    180.500     3.7472   13.75938  3.170e-01   43.18288  4.026e-01    313.048      1.050          5      9.390  223.29399  0.000e+00
    180.000     3.7473   13.75266  3.170e-01   39.79703  4.050e-01    313.073      1.048          5      9.390  223.29401  0.000e+00
    179.500     3.7472   13.76760  3.170e-01   24.04703  4.233e-01    313.015      1.048          5      9.390  223.29403  0.000e+00
    179.000     3.7472   13.75005  3.170e-01   44.47016  4.349e-01    313.073      1.045          5      9.391  223.29406  0.000e+00
    178.500     3.7472   13.75338  3.170e-01   33.02896  4.290e-01    313.025      1.043          5      9.393  223.29408  0.000e+00
    178.000     3.7472   13.75503  3.170e-01   36.15850  4.258e-01    312.994      1.043          5      9.391  223.29410  0.000e+00
    177.500     3.7470   13.75112  3.170e-01   35.48562  4.003e-01    313.028      1.042          5      9.390  223.29412  0.000e+00
    177.000     3.7469   13.75062  3.170e-01   26.79393  4.060e-01    313.028      1.047          5      9.390  223.29414  0.000e+00
    176.500     3.7469   13.75123  3.170e-01   22.35463  4.148e-01    313.002      1.041          5      9.390  223.29417  0.000e+00
    176.000     3.7468   13.77345  3.170e-01   34.36736  4.094e-01    312.974      1.037          5      9.390  223.29419  0.000e+00
    175.500     3.7469   13.73696  3.170e-01   18.02910  4.078e-01    312.942      1.038          5      9.390  223.29421  0.000e+00
    175.000     3.7469   13.75983  3.170e-01   20.78705  4.061e-01    312.981      1.035          5      9.390  223.29423  0.000e+00
    174.500     3.7469   13.75073  3.170e-01   25.15749  3.996e-01    312.997      1.035          5      9.390  223.29425  0.000e+00
    174.000     3.7469   13.73658  3.170e-01   36.72704  3.906e-01    312.953      1.033          5      9.390  223.29427  0.000e+00
    173.500     3.7468   13.75939  3.170e-01   28.92235  4.129e-01    312.952      1.035          5      9.391  223.29429  0.000e+00
    173.000     3.7469   13.73850  3.170e-01   34.42033  4.151e-01    312.981      1.034          5      9.390  223.29431  0.000e+00
    172.500     3.7469   13.74434  3.170e-01   27.98105  4.151e-01    312.945      1.036          5      9.390  223.29433  0.000e+00
    172.000     3.7469   13.73818  3.170e-01   23.47522  4.360e-01    312.936      1.032          5      9.390  223.29435  0.000e+00
    171.500     3.7469   13.75405  3.170e-01   20.39860  4.533e-01    312.902      1.034          5      9.390  223.29437  0.000e+00
    171.000     3.7470   13.73805  3.170e-01   22.78809  4.263e-01    312.904      1.033          5      9.391  223.29439  0.000e+00
    170.500     3.7469   13.73977  3.170e-01   29.44341  4.136e-01    312.930      1.029          5      9.392  223.29441  0.000e+00
    170.000     3.7469   13.71757  3.170e-01   30.92141  4.119e-01    312.872      1.027          5      9.391  223.29443  0.000e+00
    169.500     3.7469   13.75456  3.170e-01   22.58770  4.346e-01    312.889      1.027          5      9.390  223.29445  0.000e+00
    169.000     3.7470   13.74601  3.170e-01   23.24254  4.395e-01    312.841      1.024          5      9.391  223.29447  0.000e+00
    168.500     3.7471   13.74165  3.170e-01   24.72354  4.358e-01    312.768      1.026          5      9.393  223.29448  0.000e+00
    168.000     3.7472   13.74309  3.170e-01   32.26123  4.081e-01    312.793      1.020          5      9.390  223.29449  0.000e+00
    167.500     3.7473   13.73938  3.170e-01   24.73446  3.887e-01    312.823      1.017          5      9.390  223.29451  0.000e+00
    167.000     3.7476   13.73749  3.170e-01   25.32766  3.902e-01    312.767      1.021          5      9.393  223.29452  0.000e+00
    166.500     3.7494   13.73960  3.170e-01   30.56544  3.959e-01    312.682      1.019          5      9.394  223.29453  0.000e+00
    166.000     3.7493   13.73602  3.170e-01   25.97474  4.098e-01    312.694      1.014          5      9.394  223.29455  0.000e+00
    165.500     3.7504   13.76493  3.170e-01   26.85375  4.738e-01    312.548      1.008          5      9.394  223.29456  0.000e+00
    165.000     3.7513   13.77339  3.170e-01   26.47231  4.424e-01    312.699      0.999          5      9.394  223.29457  0.000e+00
    164.500     3.7524   13.77280  3.170e-01   27.84370  4.222e-01    312.499      0.993          5      9.394  223.29458  0.000e+00
    164.000     3.7535   13.79905  3.170e-01   28.40170  4.155e-01    312.511      0.987          5      9.394  223.29459  0.000e+00
    163.500     3.7556   13.79094  3.170e-01   28.90058  4.255e-01    312.403      0.980          5      9.394  223.29461  0.000e+00
    163.000     3.7598   13.80795  3.170e-01   28.88016  4.274e-01    312.306      0.975          5      9.394  223.29462  0.000e+00
    162.500     3.7627   13.81595  3.170e-01   28.02725  4.380e-01    312.255      0.967          5      9.394  223.29464  0.000e+00
    162.000     3.7618   13.82629  3.170e-01   28.51403  4.532e-01    312.234      0.957          5      9.394  223.29465  0.000e+00
    161.500     3.7598   13.84644  3.170e-01   30.95771  4.579e-01    312.198      0.950          5      9.394  223.29466  0.000e+00
    161.000     3.7601   13.87054  3.170e-01   31.49200  4.302e-01    312.239      0.944          5      9.394  223.29467  0.000e+00
    160.500     3.7604   13.87654  3.170e-01   32.04584  4.055e-01    312.206      0.938          5      9.394  223.29468  0.000e+00
    160.000     3.7612   13.88950  3.170e-01   32.49801  4.170e-01    312.217      0.931          5      9.394  223.29470  0.000e+00
    159.500     3.7619   13.89247  3.170e-01   28.34798  4.050e-01    312.203      0.930          5      9.396  223.29471  0.000e+00
    159.000     3.7621   13.90150  3.170e-01   33.46984  3.821e-01    312.164      0.927          5      9.399  223.29473  0.000e+00
    158.500     3.7628   13.90922  3.170e-01   34.17027  3.717e-01    312.153      0.926          5      9.399  223.29474  0.000e+00
    158.000     3.7636   13.90193  3.170e-01   34.31227  3.703e-01    312.116      0.925          5      9.399  223.29475  0.000e+00
    157.500     3.7634   13.89714  3.170e-01   35.00050  3.654e-01    312.131      0.923          5      9.400  223.29476  0.000e+00
    157.000     3.7646   13.88324  3.170e-01   35.65247  3.753e-01    312.091      0.919          5      9.404  223.29478  0.000e+00
    156.500     3.7650   13.88386  3.170e-01   36.28692  3.720e-01    312.121      0.916          5      9.404  223.29479  0.000e+00
    156.000     3.7652   13.87825  3.170e-01   36.71574  3.800e-01    312.000      0.920          5      9.404  223.29480  0.000e+00
    155.500     3.7667   13.88307  3.170e-01   36.84208  4.147e-01    312.081      0.915          5      9.404  223.29481  0.000e+00
    155.000     3.7694   13.89521  3.170e-01   35.13424  3.951e-01    312.026      0.914          5      9.405  223.29483  0.000e+00
    154.500     3.7705   13.87973  3.170e-01   36.45224  3.788e-01    312.005      0.914          5      9.409  223.29484  0.000e+00
    154.000     3.7699   13.85577  3.170e-01   38.73160  3.937e-01    312.034      0.910          5      9.409  223.29485  0.000e+00
    153.500     3.7717   13.87212  3.170e-01   39.25330  4.134e-01    312.025      0.910          5      9.409  223.29487  0.000e+00
    153.000     3.7747   13.87318  3.170e-01   39.85162  4.127e-01    311.930      0.908          5      9.409  223.29488  0.000e+00
    152.500     3.7771   13.85411  3.170e-01   34.20467  3.943e-01    311.960      0.907          5      9.409  223.29489  0.000e+00
    152.000     3.7814   13.85140  3.170e-01   37.76210  3.966e-01    311.886      0.903          5      9.410  223.29490  0.000e+00
    151.500     3.7856   13.85639  3.170e-01   41.19255  3.957e-01    311.860      0.902          5      9.414  223.29492  0.000e+00
    151.000     3.7876   13.86530  3.170e-01   41.89596  3.979e-01    311.865      0.896          5      9.414  223.29493  0.000e+00
    150.500     3.7886   13.86334  3.170e-01   40.92568  3.912e-01    311.745      0.889          5      9.414  223.29495  0.000e+00
    150.000     3.7888   13.87309  3.170e-01   43.37431  3.844e-01    311.837      0.890          5      9.414  223.29496  0.000e+00
    149.500     3.7890   13.88187  3.170e-01   42.86807  3.642e-01    311.892      0.880          5      9.414  223.29497  0.000e+00
    149.000     3.7891   13.88430  3.170e-01   39.60191  3.639e-01    311.812      0.879          5      9.414  223.29498  0.000e+00
    148.500     3.7892   13.88132  3.170e-01   44.40952  3.820e-01    311.795      0.881          5      9.414  223.29499  0.000e+00
    148.000     3.7896   13.88149  3.170e-01   44.98700  4.082e-01    311.838      0.880          5      9.414  223.29501  0.000e+00
    147.500     3.7896   13.89248  3.170e-01   41.87273  3.966e-01    311.780      0.876          5      9.414  223.29502  0.000e+00
    147.000     3.7895   13.92947  3.170e-01   44.76197  3.826e-01    311.776      0.875          5      9.414  223.29503  0.000e+00
    146.500     3.7895   13.90182  3.170e-01   46.51476  3.636e-01    311.741      0.876          5      9.414  223.29505  0.000e+00
    146.000     3.7897   13.86951  3.170e-01   47.03248  3.471e-01    311.709      0.873          5      9.414  223.29506  0.000e+00
    145.500     3.7911   13.87097  3.170e-01   47.62278  3.447e-01    311.761      0.869          5      9.418  223.29507  0.000e+00
    145.000     3.7920   13.89978  3.170e-01   41.28487  3.513e-01    311.765      0.871          5      9.418  223.29509  0.000e+00
    144.500     3.7927   13.91012  3.170e-01   46.10700  3.526e-01    311.707      0.871          5      9.418  223.29510  0.000e+00
    144.000     3.7955   13.88129  3.170e-01   49.35817  3.633e-01    311.672      0.872          5      9.418  223.29511  0.000e+00
    143.500     3.7983   13.89290  3.170e-01   47.16867  3.733e-01    311.691      0.868          5      9.418  223.29512  0.000e+00
    143.000     3.7994   13.90848  3.170e-01   42.67500  3.999e-01    311.684      0.866          5      9.418  223.29514  0.000e+00
    142.500     3.8007   13.90060  3.170e-01   44.56864  4.136e-01    311.631      0.859          5      9.423  223.29515  0.000e+00
    142.000     3.8034   13.87517  3.170e-01   49.79614  4.188e-01    311.598      0.858          5      9.422  223.29516  0.000e+00
    141.500     3.8044   13.88585  3.170e-01   47.85348  4.127e-01    311.580      0.855          5      9.418  223.29518  0.000e+00
    141.000     3.8064   13.90265  3.170e-01   49.90833  4.109e-01    311.648      0.853          5      9.423  223.29519  0.000e+00
    140.500     3.8105   13.90321  3.170e-01   49.90000  3.906e-01    311.515      0.852          5      9.423  223.29520  0.000e+00
