analysis/data/sampleData/SU09_2002.cnv
* Sea-Bird SBE 9 Data File:
* FileName = C:\EPA Survey data\EPA SURVEY DATA\summer02\Summer Cruise\Lake Superior\su090221.dat
* Software Version Seasave Win32 V 5.24
* Temperature SN = 1554
* Conductivity SN = 2244
* Number of Bytes Per Scan = 24
* Number of Voltage Words = 4
* Number of Scans Averaged by the Deck Unit = 1
* NMEA Latitude = 48 26.21 N
* NMEA Longitude = 087 05.09 W
* NMEA UTC (Time) = none
** Ship:      Lake Guardian 
** Cruise:  summer 2002 
** Station:    su09
# nquan = 13
# nvalues = 463                         
# units = specified
# name 0 = depFM: Depth [fresh water, m]
# name 1 = t090C: Temperature [ITS-90, deg C]
# name 2 = par: PAR/Irradiance, Biospherical/Licor
# name 3 = xmiss: Beam Transmission, Chelsea/Seatech/Wetlab CStar [%]
# name 4 = specc: Specific Conductance [uS/cm]
# name 5 = ph: pH
# name 6 = flSP: Fluorescence, Seapoint
# name 7 = sbeox0Mg/L: Oxygen, SBE 43 [mg/l]
# name 8 = c0uS/cm: Conductivity [uS/cm]
# name 9 = bat: Beam Attenuation, Chelsea/Seatech/Wetlab CStar [1/m]
# name 10 = altM: Altimeter [m]
# name 11 = prDE: Pressure, Digiquartz [psi]
# name 13 = flag: flag
# span 0 =      1.000,    232.000       
# span 1 =     3.7549,    15.4616       
# span 2 = 3.1700e-01, 3.1700e-01       
# span 3 =    68.2678,    81.5756       
# span 4 =     92.634,     99.213       
# span 5 =      9.173,     10.014       
# span 6 = 1.2634e-02, 1.6169e-01       
# span 7 =    8.06698,   12.89469       
# span 8 =  56.194849,  77.848059       
# span 9 =     0.8145,     1.5899       
# span 10 =      -0.53,      50.49      
# span 11 =      1.422,    329.982      
# span 12 = 0.0000e+00, 0.0000e+00      
# interval = meters: 1                  
# start_time = Aug 27 2002 03:12:04
# bad_flag = -9.990e-29
*END*
[from data line 445]
     18.000     9.0518 3.1700e-01    74.5892     95.409      9.659 1.5439e-01   12.36353  64.980853     1.1727      48.92     25.602 0.0000e+00
     17.000     9.2681 3.1700e-01    74.2886     95.351      9.662 1.5509e-01   12.35141  65.354280     1.1889      47.21     24.180 0.0000e+00
     16.000     9.4869 3.1700e-01    74.1206     95.326      9.666 1.5137e-01   12.33796  65.754443     1.1979      49.31     22.757 0.0000e+00
     15.000     9.6113 3.1700e-01    73.9664     95.347      9.666 1.6056e-01   12.34824  66.005997     1.2063      47.92     21.335 0.0000e+00
     14.000     9.8083 3.1700e-01    73.8480     95.314      9.670 1.5185e-01   12.31304  66.358822     1.2127      47.78     19.913 0.0000e+00
     13.000     9.9325 3.1700e-01    73.7722     95.261      9.673 1.5314e-01   12.28135  66.558459     1.2168      47.84     18.490 0.0000e+00
     12.000    10.0053 3.1700e-01    73.9027     95.275      9.679 1.4481e-01   12.25177  66.707498     1.2097      47.75     17.068 0.0000e+00
     11.000    10.1437 3.1700e-01    74.0182     95.337      9.684 1.6169e-01   12.19605  67.014210     1.2035      48.84     15.646 0.0000e+00
     10.000    10.4491 3.1700e-01    74.2161     95.343      9.687 1.3872e-01   12.12901  67.601523     1.1928      48.14     14.223 0.0000e+00
      9.000    10.9410 3.1700e-01    74.8997     95.219      9.692 9.4536e-02   11.94300  68.449626     1.1562      48.36     12.801 0.0000e+00
      8.000    11.5997 3.1700e-01    75.6099     95.137      9.735 6.8534e-02   11.69183  69.645063     1.1183      44.87     11.379 0.0000e+00
      7.000    11.8531 3.1700e-01    75.7215     95.074      9.755 6.4447e-02   11.64218  70.081016     1.1124      49.39      9.956 0.0000e+00
      6.000    12.2791 3.1700e-01    75.7867     95.052      9.757 5.9732e-02   11.55875  70.874995     1.1090      47.72      8.534 0.0000e+00
      5.000    15.2732 3.1700e-01    75.6412     95.178      9.713 5.9010e-02   10.64315  76.669371     1.1167      49.23      7.112 0.0000e+00
      4.000    15.4034 3.1700e-01    75.6531     95.137      9.759 5.5784e-02   10.43099  76.884356     1.1161      49.27      5.689 0.0000e+00
      3.000    15.4447 3.1700e-01    75.6490     95.120      9.777 6.6763e-02   10.41376  76.948642     1.1163      49.27      4.267 0.0000e+00
      2.000    15.4388 3.1700e-01    75.6357     95.119      9.785 5.8727e-02   10.40455  76.936647     1.1170      49.27      2.845 0.0000e+00
      1.000    15.4616 3.1700e-01    75.5945     95.007      9.815 5.3569e-02   10.15094  76.889954     1.1192      44.47      1.422 0.0000e+00
