analysis/data/sampleData/SU09_2002.cnv
* Sea-Bird SBE 9 Data File:
* FileName = C:\EPA Survey data\EPA SURVEY DATA\summer02\Summer Cruise\Lake Superior\su090221.dat
* Software Version Seasave Win32 V 5.24
* Temperature SN = 1554
* Conductivity SN = 2244
* Number of Bytes Per Scan = 24
* Number of Voltage Words = 4
* Number of Scans Averaged by the Deck Unit = 1
* NMEA Latitude = 48 26.21 N
* NMEA Longitude = 087 05.09 W
* NMEA UTC (Time) = none
** Ship:      Lake Guardian 
** Cruise:  summer 2002 
** Station:    su09
# nquan = 13
# nvalues = 463                         
# units = specified
# name 0 = depFM: Depth [fresh water, m]
# name 1 = t090C: Temperature [ITS-90, deg C]
# name 2 = par: PAR/Irradiance, Biospherical/Licor
# name 3 = xmiss: Beam Transmission, Chelsea/Seatech/Wetlab CStar [%]
# name 4 = specc: Specific Conductance [uS/cm]
# name 5 = ph: pH
# name 6 = flSP: Fluorescence, Seapoint
# name 7 = sbeox0Mg/L: Oxygen, SBE 43 [mg/l]
# name 8 = c0uS/cm: Conductivity [uS/cm]
# name 9 = bat: Beam Attenuation, Chelsea/Seatech/Wetlab CStar [1/m]
# name 10 = altM: Altimeter [m]
# name 11 = prDE: Pressure, Digiquartz [psi]
# name 13 = flag: flag
# span 0 =      1.000,    232.000       
# span 1 =     3.7549,    15.4616       
# span 2 = 3.1700e-01, 3.1700e-01       
# span 3 =    68.2678,    81.5756       
# span 4 =     92.634,     99.213       
# span 5 =      9.173,     10.014       
# span 6 = 1.2634e-02, 1.6169e-01       
# span 7 =    8.06698,   12.89469       
# span 8 =  56.194849,  77.848059       
# span 9 =     0.8145,     1.5899       
# span 10 =      -0.53,      50.49      
# span 11 =      1.422,    329.982      
# span 12 = 0.0000e+00, 0.0000e+00      
# interval = meters: 1                  
# start_time = Aug 27 2002 03:12:04
# bad_flag = -9.990e-29
*END*
      1.000    14.4844 3.1700e-01    76.6413     92.634      9.173 5.3784e-02    8.06698  73.153913     1.0641       1.65      1.422 0.0000e+00
      2.000    15.0233 3.1700e-01    76.6987     93.560      9.518 5.7497e-02   10.35389  74.907272     1.0611      29.32      2.845 0.0000e+00
      3.000    15.3754 3.1700e-01    76.6238     96.400      9.797 5.3064e-02    8.70323  77.848059     1.0651      12.43      4.267 0.0000e+00
      4.000    15.4317 3.1700e-01    76.6097     95.983      9.774 5.1732e-02    8.87315  77.621818     1.0658      49.13      5.689 0.0000e+00
      5.000    15.1233 3.1700e-01    76.7208     96.319      9.790 5.1716e-02    9.19820  77.298930     1.0600      49.27      7.112 0.0000e+00
      6.000    14.9539 3.1700e-01    76.6833     96.060      9.802 5.1194e-02    9.44133  76.766218     1.0619      49.27      8.534 0.0000e+00
      7.000    15.1568 3.1700e-01    76.6811     96.037      9.808 5.2729e-02    9.57791  77.137860     1.0621      49.27      9.956 0.0000e+00
      8.000    15.0698 3.1700e-01    76.6631     96.111      9.817 5.2303e-02    9.87781  77.029631     1.0630      29.28     11.379 0.0000e+00
      9.000    13.6747 3.1700e-01    76.6639     96.118      9.850 5.0262e-02   10.30805  74.354036     1.0630      49.65     12.801 0.0000e+00
     10.000    12.2495 3.1700e-01    76.9684     96.126      9.896 4.7959e-02   10.51689  71.618444     1.0471      49.27     14.223 0.0000e+00
     11.000    11.6739 3.1700e-01    76.8945     96.193      9.914 5.2163e-02   10.67606  70.560633     1.0509      49.27     15.646 0.0000e+00
     12.000    11.1495 3.1700e-01    76.5468     96.314      9.932 6.3732e-02   11.04119  69.638750     1.0691      49.27     17.068 0.0000e+00
     13.000    10.7171 3.1700e-01    76.3332     96.357      9.947 6.7155e-02   11.30174  68.836914     1.0803      49.27     18.490 0.0000e+00
     14.000    10.2948 3.1700e-01    75.8358     96.336      9.962 7.7596e-02   11.51809  68.008355     1.1064      49.27     19.913 0.0000e+00
     15.000    10.1360 3.1700e-01    75.2965     96.308      9.969 8.8712e-02   11.65892  67.682295     1.1350      49.27     21.335 0.0000e+00
     16.000    10.0525 3.1700e-01    74.8734     96.256      9.975 9.7197e-02   11.78875  67.485087     1.1575      49.27     22.757 0.0000e+00
     17.000     9.9476 3.1700e-01    74.6202     96.283      9.979 1.1247e-01   11.89592  67.301877     1.1710      49.27     24.180 0.0000e+00
     18.000     9.8231 3.1700e-01    74.4420     96.275      9.986 1.1125e-01   11.98071  67.056383     1.1806      49.27     25.602 0.0000e+00
     19.000     9.7086 3.1700e-01    74.5672     96.339      9.992 1.0364e-01   12.05270  66.880275     1.1739      41.79     27.024 0.0000e+00
     20.000     9.4995 3.1700e-01    74.8379     96.366     10.000 9.8555e-02   12.14102  66.496203     1.1594       8.27     28.447 0.0000e+00
     21.000     9.3393 3.1700e-01    74.9331     96.373     10.008 1.0708e-01   12.19634  66.192111     1.1543      48.87     29.869 0.0000e+00
     22.000     9.0620 3.1700e-01    74.8924     96.495     10.014 1.1649e-01   12.28376  65.740189     1.1565      48.42     31.291 0.0000e+00
     23.000     8.8890 3.1700e-01    74.9199     96.553     10.011 1.2769e-01   12.31200  65.445977     1.1550      48.34     32.714 0.0000e+00
     24.000     8.7373 3.1700e-01    74.7975     96.544     10.012 1.3259e-01   12.33728  65.146586     1.1615      48.56     34.136 0.0000e+00
     25.000     8.6125 3.1700e-01    74.8380     96.584     10.014 1.3571e-01   12.36528  64.932535     1.1594      48.69     35.558 0.0000e+00
     26.000     8.5533 3.1700e-01    75.2194     96.637     10.014 1.3411e-01   12.38759  64.853785     1.1390      47.78     36.981 0.0000e+00
     27.000     8.4743 3.1700e-01    75.3825     96.709     10.008 1.3035e-01   12.41342  64.749404     1.1304      47.38     38.403 0.0000e+00
     28.000     8.4396 3.1700e-01    75.7077     96.712     10.005 1.2474e-01   12.41737  64.684033     1.1132      47.79     39.825 0.0000e+00
     29.000     8.3485 3.1700e-01    76.1438     96.773     10.000 1.1224e-01   12.43670  64.548642     1.0902      48.69     41.248 0.0000e+00
     30.000     8.1609 3.1700e-01    76.4983     96.884      9.996 1.0234e-01   12.46623  64.258642     1.0716      46.66     42.670 0.0000e+00
     31.000     8.0120 3.1700e-01    76.7483     96.914      9.991 9.9253e-02   12.46626  63.990556     1.0586      45.99     44.092 0.0000e+00
     32.000     7.9379 3.1700e-01    76.8610     96.944      9.985 9.9639e-02   12.45530  63.866286     1.0527      46.49     45.515 0.0000e+00
     33.000     7.8341 3.1700e-01    76.9503     97.013      9.980 9.7355e-02   12.46651  63.710645     1.0480      49.02     46.937 0.0000e+00
     34.000     7.6278 3.1700e-01    77.1869     97.095      9.976 9.5560e-02   12.50490  63.363463     1.0358      45.95     48.359 0.0000e+00
     35.000     7.2306 3.1700e-01    77.5582     97.265      9.976 8.7607e-02   12.57905  62.701618     1.0166      45.52     49.782 0.0000e+00
     36.000     7.0310 3.1700e-01    77.8047     97.326      9.970 8.4060e-02   12.56632  62.352346     1.0039      45.11     51.204 0.0000e+00
     37.000     6.8596 3.1700e-01    77.9147     97.374      9.966 8.3338e-02   12.58485  62.049178     0.9982      49.00     52.626 0.0000e+00
     38.000     6.6776 3.1700e-01    77.9728     97.504      9.961 8.1563e-02   12.61102  61.777230     0.9953      45.54     54.049 0.0000e+00
     39.000     6.4445 3.1700e-01    78.1589     97.616      9.956 7.7730e-02   12.65383  61.392920     0.9857      44.69     55.471 0.0000e+00
     40.000     6.0904 3.1700e-01    78.5249     97.764      9.954 7.1816e-02   12.71823  60.793442     0.9670      43.88     56.893 0.0000e+00
     41.000     5.8586 3.1700e-01    78.6921     97.829      9.949 7.0488e-02   12.72103  60.379914     0.9585      47.80     58.316 0.0000e+00
     42.000     5.6182 3.1700e-01    78.8847     97.940      9.944 6.6376e-02   12.74701  59.977661     0.9488      45.88     59.738 0.0000e+00
     43.000     5.4927 3.1700e-01    78.9881     98.034      9.939 6.4026e-02   12.74754  59.788701     0.9435      43.50     61.160 0.0000e+00
     44.000     5.3240 3.1700e-01    79.2175     98.076      9.934 6.1535e-02   12.77491  59.483804     0.9319      43.24     62.583 0.0000e+00
     45.000     5.2111 3.1700e-01    79.3241     98.135      9.927 6.0096e-02   12.78483  59.297851     0.9265      45.92     64.005 0.0000e+00
     46.000     5.0728 3.1700e-01    79.4703     98.194      9.922 5.7734e-02   12.80824  59.061645     0.9191      33.93     65.427 0.0000e+00
     47.000     4.9185 3.1700e-01    79.7103     98.311      9.917 5.2845e-02   12.83197  58.828390     0.9071      49.30     66.850 0.0000e+00
     48.000     4.8146 3.1700e-01    79.7995     98.332      9.911 5.1576e-02   12.83649  58.637068     0.9026      49.27     68.272 0.0000e+00
     49.000     4.7357 3.1700e-01    79.8909     98.401      9.905 4.9553e-02   12.83839  58.522439     0.8980      49.27     69.694 0.0000e+00
     50.000     4.6062 3.1700e-01    80.0490     98.471      9.900 4.6654e-02   12.86327  58.309116     0.8901      49.27     71.117 0.0000e+00
     51.000     4.4632 3.1700e-01    80.2883     98.584      9.894 4.2637e-02   12.87445  58.094249     0.8782      49.27     72.539 0.0000e+00
     52.000     4.4280 3.1700e-01    80.3801     98.596      9.888 4.0951e-02   12.86208  58.031668     0.8736      49.27     73.961 0.0000e+00
     53.000     4.3438 3.1700e-01    80.4373     98.668      9.882 3.8836e-02   12.87721  57.908070     0.8708      49.27     75.384 0.0000e+00
     54.000     4.2741 3.1700e-01    80.5286     98.696      9.875 3.7050e-02   12.87722  57.786904     0.8662      25.48     76.806 0.0000e+00
     55.000     4.2255 3.1700e-01    80.6127     98.732      9.870 3.5336e-02   12.87236  57.712147     0.8621      28.24     78.229 0.0000e+00
     56.000     4.1989 3.1700e-01    80.6641     98.733      9.863 3.4273e-02   12.87010  57.659865     0.8595      31.30     79.651 0.0000e+00
     57.000     4.1848 3.1700e-01    80.6879     98.798      9.856 3.4462e-02   12.87042  57.669892     0.8583      31.87     81.073 0.0000e+00
     58.000     4.1645 3.1700e-01    80.7099     98.815      9.851 3.3938e-02   12.87463  57.639861     0.8572      49.28     82.495 0.0000e+00
     59.000     4.1493 3.1700e-01    80.7488     98.818      9.844 3.2330e-02   12.87610  57.611538     0.8553      49.27     83.917 0.0000e+00
     60.000     4.1446 3.1700e-01    80.7548     98.815      9.840 3.2796e-02   12.87777  57.600432     0.8550      31.47     85.340 0.0000e+00
     61.000     4.1405 3.1700e-01    80.7811     98.861      9.833 3.2338e-02   12.88004  57.619130     0.8537      19.49     86.762 0.0000e+00
     62.000     4.1205 3.1700e-01    80.8015     98.858      9.828 3.1142e-02   12.88606  57.578021     0.8527      22.24     88.185 0.0000e+00
     63.000     4.0775 3.1700e-01    80.8737     98.968      9.823 3.0930e-02   12.89469  57.556755     0.8491      22.74     89.607 0.0000e+00
     64.000     4.0517 3.1700e-01    80.9403     98.962      9.818 2.9854e-02   12.88954  57.502357     0.8458      37.96     91.029 0.0000e+00
     65.000     4.0388 3.1700e-01    80.9667     98.924      9.813 2.9454e-02   12.88581  57.454457     0.8445      38.99     92.452 0.0000e+00
     66.000     4.0332 3.1700e-01    80.9977     99.020      9.807 2.8788e-02   12.88497  57.499452     0.8430      37.60     93.874 0.0000e+00
     67.000     4.0208 3.1700e-01    81.0182     98.990      9.803 2.7727e-02   12.88392  57.457406     0.8420      44.63     95.297 0.0000e+00
     68.000     4.0114 3.1700e-01    81.0301     99.055      9.798 2.7910e-02   12.88073  57.476446     0.8414      41.58     96.719 0.0000e+00
     69.000     4.0021 3.1700e-01    81.0514     99.057      9.792 2.7202e-02   12.88154  57.459270     0.8403      37.33     98.141 0.0000e+00
     70.000     3.9951 3.1700e-01    81.0704     99.094      9.789 2.6835e-02   12.87991  57.466428     0.8394      36.39     99.563 0.0000e+00
     71.000     3.9847 3.1700e-01    81.0771     99.060      9.783 2.6706e-02   12.88019  57.426575     0.8391      39.19    100.986 0.0000e+00
     72.000     3.9792 3.1700e-01    81.1098     99.064      9.781 2.6390e-02   12.88066  57.418079     0.8375      46.89    102.408 0.0000e+00
     73.000     3.9762 3.1700e-01    81.1047     99.137      9.775 2.6278e-02   12.88077  57.454212     0.8377      36.25    103.830 0.0000e+00
     74.000     3.9725 3.1700e-01    81.1189     99.139      9.772 2.6210e-02   12.87868  57.447706     0.8370      35.65    105.253 0.0000e+00
     75.000     3.9726 3.1700e-01    81.1343     99.148      9.769 2.6180e-02   12.87274  57.453100     0.8363      34.90    106.675 0.0000e+00
     76.000     3.9696 3.1700e-01    81.1341     99.157      9.764 2.6305e-02   12.87062  57.452705     0.8363      44.82    108.097 0.0000e+00
     77.000     3.9647 3.1700e-01    81.1396     99.181      9.761 2.6668e-02   12.87129  57.456656     0.8360      39.37    109.520 0.0000e+00
     78.000     3.9620 3.1700e-01    81.1504     99.181      9.756 2.6617e-02   12.87179  57.451820     0.8354      34.54    110.942 0.0000e+00
     79.000     3.9605 3.1700e-01    81.1535     99.172      9.753 2.6366e-02   12.87261  57.443240     0.8353      33.26    112.364 0.0000e+00
     80.000     3.9537 3.1700e-01    81.1590     99.146      9.751 2.6422e-02   12.86976  57.414754     0.8350      39.33    113.787 0.0000e+00
     81.000     3.9544 3.1700e-01    81.1591     99.122      9.747 2.5757e-02   12.86692  57.402115     0.8350      44.11    115.209 0.0000e+00
     82.000     3.9451 3.1700e-01    81.1740     99.170      9.742 2.6729e-02   12.86696  57.411414     0.8343      33.49    116.632 0.0000e+00
     83.000     3.9420 3.1700e-01    81.1842     99.182      9.741 2.6073e-02   12.86626  57.412450     0.8338      32.78    118.054 0.0000e+00
     84.000     3.9268 3.1700e-01    81.2244     99.174      9.738 2.4585e-02   12.87040  57.377795     0.8318      33.98    119.476 0.0000e+00
     85.000     3.9219 3.1700e-01    81.2580     99.189      9.734 2.4985e-02   12.86780  57.376584     0.8302      46.06    120.898 0.0000e+00
     86.000     3.9240 3.1700e-01    81.2578     99.213      9.731 2.5196e-02   12.86531  57.394782     0.8302      35.76    122.321 0.0000e+00
     87.000     3.9248 3.1700e-01    81.2520     99.104      9.729 2.5071e-02   12.86391  57.333128     0.8305      32.14    123.743 0.0000e+00
     88.000     3.9254 3.1700e-01    81.2467     99.145      9.724 2.5017e-02   12.86416  57.358003     0.8307      31.06    125.165 0.0000e+00
     89.000     3.9252 3.1700e-01    81.2485     99.158      9.720 2.4313e-02   12.86286  57.364921     0.8306      41.44    126.588 0.0000e+00
     90.000     3.9195 3.1700e-01    81.2235     99.166      9.720 2.4770e-02   12.86363  57.358788     0.8319      40.00    128.010 0.0000e+00
     91.000     3.9157 3.1700e-01    81.2622     99.160      9.715 2.5046e-02   12.86421  57.347475     0.8300      30.82    129.432 0.0000e+00
     92.000     3.9149 3.1700e-01    81.2719     99.169      9.713 2.5419e-02   12.86317  57.351361     0.8295      30.34    130.855 0.0000e+00
     93.000     3.9135 3.1700e-01    81.2896     99.151      9.710 2.4659e-02   12.86470  57.337864     0.8286      33.03    132.277 0.0000e+00
     94.000     3.9111 3.1700e-01    81.3303     99.185      9.710 2.4134e-02   12.86420  57.353031     0.8266      46.80    133.699 0.0000e+00
     95.000     3.9091 3.1700e-01    81.3249     99.172      9.705 2.4087e-02   12.85773  57.341488     0.8269      49.28    135.122 0.0000e+00
     96.000     3.9044 3.1700e-01    81.3830     99.184      9.702 2.2888e-02   12.85289  57.338727     0.8240      49.27    136.544 0.0000e+00
     97.000     3.9014 3.1700e-01    81.3801     99.181      9.699 2.2793e-02   12.85154  57.331175     0.8242      49.27    137.966 0.0000e+00
     98.000     3.8999 3.1700e-01    81.4022     99.127      9.699 2.1854e-02   12.85068  57.297294     0.8230      49.27    139.389 0.0000e+00
     99.000     3.8990 3.1700e-01    81.4017     99.162      9.696 2.2990e-02   12.85270  57.315582     0.8231      49.27    140.811 0.0000e+00
    100.000     3.8969 3.1700e-01    81.4245     99.182      9.694 2.2320e-02   12.85504  57.322822     0.8220      49.27    142.233 0.0000e+00
    101.000     3.8955 3.1700e-01    81.4401     99.151      9.690 2.1973e-02   12.85611  57.302028     0.8212      49.27    143.656 0.0000e+00
    102.000     3.8918 3.1700e-01    81.4446     99.156      9.689 2.0707e-02   12.85666  57.297951     0.8210      49.27    145.078 0.0000e+00
    103.000     3.8909 3.1700e-01    81.4467     99.118      9.688 2.0397e-02   12.85810  57.273818     0.8209      49.27    146.500 0.0000e+00
    104.000     3.8888 3.1700e-01    81.4538     99.136      9.686 2.1591e-02   12.85861  57.280369     0.8205      49.27    147.923 0.0000e+00
    105.000     3.8887 3.1700e-01    81.4650     99.102      9.684 2.1167e-02   12.85926  57.260339     0.8200      49.27    149.345 0.0000e+00
    106.000     3.8850 3.1700e-01    81.4652     99.110      9.680 2.0313e-02   12.86030  57.257590     0.8199      49.27    150.768 0.0000e+00
    107.000     3.8816 3.1700e-01    81.4839     99.100      9.679 1.9462e-02   12.86198  57.244940     0.8190      49.27    152.190 0.0000e+00
    108.000     3.8802 3.1700e-01    81.4888     99.095      9.679 2.0408e-02   12.86352  57.239682     0.8188      49.27    153.612 0.0000e+00
    109.000     3.8782 3.1700e-01    81.5002     99.062      9.677 2.0241e-02   12.86329  57.216455     0.8183      49.27    155.034 0.0000e+00
    110.000     3.8774 3.1700e-01    81.5134     99.111      9.674 2.0059e-02   12.86101  57.243492     0.8176      49.27    156.457 0.0000e+00
    111.000     3.8770 3.1700e-01    81.5203     99.093      9.673 1.9653e-02   12.86052  57.232212     0.8173      49.27    157.879 0.0000e+00
