analysis/data/sampleData/SU09_2002.cnv
* Sea-Bird SBE 9 Data File:
* FileName = C:\EPA Survey data\EPA SURVEY DATA\summer02\Summer Cruise\Lake Superior\su090221.dat
* Software Version Seasave Win32 V 5.24
* Temperature SN = 1554
* Conductivity SN = 2244
* Number of Bytes Per Scan = 24
* Number of Voltage Words = 4
* Number of Scans Averaged by the Deck Unit = 1
* NMEA Latitude = 48 26.21 N
* NMEA Longitude = 087 05.09 W
* NMEA UTC (Time) = none
** Ship:      Lake Guardian 
** Cruise:  summer 2002 
** Station:    su09
# nquan = 13
# nvalues = 463                         
# units = specified
# name 0 = depFM: Depth [fresh water, m]
# name 1 = t090C: Temperature [ITS-90, deg C]
# name 2 = par: PAR/Irradiance, Biospherical/Licor
# name 3 = xmiss: Beam Transmission, Chelsea/Seatech/Wetlab CStar [%]
# name 4 = specc: Specific Conductance [uS/cm]
# name 5 = ph: pH
# name 6 = flSP: Fluorescence, Seapoint
# name 7 = sbeox0Mg/L: Oxygen, SBE 43 [mg/l]
# name 8 = c0uS/cm: Conductivity [uS/cm]
# name 9 = bat: Beam Attenuation, Chelsea/Seatech/Wetlab CStar [1/m]
# name 10 = altM: Altimeter [m]
# name 11 = prDE: Pressure, Digiquartz [psi]
# name 13 = flag: flag
# span 0 =      1.000,    232.000       
# span 1 =     3.7549,    15.4616       
# span 2 = 3.1700e-01, 3.1700e-01       
# span 3 =    68.2678,    81.5756       
# span 4 =     92.634,     99.213       
# span 5 =      9.173,     10.014       
# span 6 = 1.2634e-02, 1.6169e-01       
# span 7 =    8.06698,   12.89469       
# span 8 =  56.194849,  77.848059       
# span 9 =     0.8145,     1.5899       
# span 10 =      -0.53,      50.49      
# span 11 =      1.422,    329.982      
# span 12 = 0.0000e+00, 0.0000e+00      
# interval = meters: 1                  
# start_time = Aug 27 2002 03:12:04
# bad_flag = -9.990e-29
*END*
[from data line 334]
    129.000     3.8388 3.1700e-01    80.6061     97.539      9.543 1.7696e-02   12.83400  56.259715     0.8624      49.27    183.481 0.0000e+00
    128.000     3.8423 3.1700e-01    80.6017     97.491      9.543 2.0949e-02   12.83453  56.239226     0.8626      49.27    182.059 0.0000e+00
    127.000     3.8429 3.1700e-01    80.6025     97.468      9.543 1.9500e-02   12.83317  56.226818     0.8625      49.27    180.637 0.0000e+00
    126.000     3.8436 3.1700e-01    80.5920     97.492      9.543 1.7720e-02   12.83140  56.242234     0.8631      49.27    179.214 0.0000e+00
    125.000     3.8475 3.1700e-01    80.5913     97.496      9.543 1.8020e-02   12.83368  56.252305     0.8631      49.27    177.792 0.0000e+00
    124.000     3.8490 3.1700e-01    80.5708     97.477      9.543 1.9745e-02   12.83336  56.243751     0.8642      49.27    176.369 0.0000e+00
    123.000     3.8500 3.1700e-01    80.5571     97.440      9.543 1.9855e-02   12.83190  56.224419     0.8648      49.27    174.947 0.0000e+00
    122.000     3.8502 3.1700e-01    80.5732     97.444      9.543 1.9392e-02   12.83463  56.227115     0.8640      49.27    173.525 0.0000e+00
    121.000     3.8517 3.1700e-01    80.5691     97.488      9.543 1.9470e-02   12.83453  56.255866     0.8642      49.27    172.102 0.0000e+00
    120.000     3.8555 3.1700e-01    80.5474     97.507      9.543 1.8674e-02   12.83280  56.274019     0.8653      49.27    170.680 0.0000e+00
    119.000     3.8589 3.1700e-01    80.5337     97.455      9.543 2.0280e-02   12.83362  56.250437     0.8660      49.27    169.258 0.0000e+00
    118.000     3.8611 3.1700e-01    80.5133     97.488      9.543 2.1148e-02   12.83324  56.274050     0.8670      49.27    167.835 0.0000e+00
    117.000     3.8641 3.1700e-01    80.5002     97.451      9.543 2.0390e-02   12.83254  56.258247     0.8676      49.27    166.413 0.0000e+00
    116.000     3.8655 3.1700e-01    80.5102     97.449      9.543 2.0511e-02   12.83640  56.260213     0.8671      49.27    164.991 0.0000e+00
    115.000     3.8674 3.1700e-01    80.4870     97.443      9.543 1.9261e-02   12.83608  56.260498     0.8683      49.27    163.569 0.0000e+00
    114.000     3.8676 3.1700e-01    80.5002     97.447      9.543 2.2207e-02   12.83481  56.263050     0.8676      49.27    162.146 0.0000e+00
    113.000     3.8704 3.1700e-01    80.4826     97.439      9.543 2.2104e-02   12.83457  56.264101     0.8685      49.27    160.724 0.0000e+00
    112.000     3.8739 3.1700e-01    80.4662     97.422      9.543 2.0497e-02   12.83514  56.260859     0.8693      49.27    159.302 0.0000e+00
    111.000     3.8757 3.1700e-01    80.4593     97.435      9.543 2.1506e-02   12.83574  56.272217     0.8697      49.27    157.879 0.0000e+00
    110.000     3.8763 3.1700e-01    80.4470     97.421      9.543 2.2735e-02   12.82920  56.264978     0.8703      49.27    156.457 0.0000e+00
    109.000     3.8775 3.1700e-01    80.4469     97.424      9.544 2.2839e-02   12.82461  56.269110     0.8703      49.27    155.034 0.0000e+00
    108.000     3.8776 3.1700e-01    80.4448     97.445      9.544 2.0402e-02   12.82505  56.281167     0.8704      49.27    153.612 0.0000e+00
    107.000     3.8797 3.1700e-01    80.4175     97.441      9.543 2.0885e-02   12.82520  56.283247     0.8717      49.27    152.190 0.0000e+00
    106.000     3.8813 3.1700e-01    80.4102     97.411      9.543 2.1687e-02   12.82678  56.269036     0.8721      49.27    150.768 0.0000e+00
    105.000     3.8811 3.1700e-01    80.4194     97.387      9.543 2.2625e-02   12.82799  56.254951     0.8716      49.27    149.345 0.0000e+00
    104.000     3.8852 3.1700e-01    80.3934     97.431      9.543 2.3174e-02   12.82688  56.288387     0.8730      49.27    147.923 0.0000e+00
    103.000     3.8901 3.1700e-01    80.3665     97.389      9.544 2.3906e-02   12.82709  56.273611     0.8743      49.27    146.500 0.0000e+00
    102.000     3.8917 3.1700e-01    80.3279     97.430      9.544 2.3362e-02   12.82657  56.299938     0.8762      49.27    145.078 0.0000e+00
    101.000     3.8933 3.1700e-01    80.3259     97.372      9.544 2.4429e-02   12.82917  56.269628     0.8763      49.27    143.656 0.0000e+00
    100.000     3.8967 3.1700e-01    80.3168     97.387      9.543 2.4602e-02   12.82721  56.285276     0.8768      49.27    142.233 0.0000e+00
     99.000     3.8982 3.1700e-01    80.2878     97.360      9.544 2.3529e-02   12.82703  56.272698     0.8782      49.27    140.811 0.0000e+00
     98.000     3.9002 3.1700e-01    80.2871     97.345      9.544 2.5190e-02   12.82736  56.267553     0.8783      49.27    139.389 0.0000e+00
     97.000     3.9002 3.1700e-01    80.2754     97.362      9.544 2.4800e-02   12.83123  56.277439     0.8788      49.27    137.967 0.0000e+00
     96.000     3.8978 3.1700e-01    80.2499     97.377      9.544 2.3826e-02   12.83391  56.281308     0.8801      49.27    136.544 0.0000e+00
     95.000     3.8970 3.1700e-01    80.2692     97.391      9.543 2.1712e-02   12.83536  56.288116     0.8791      49.27    135.122 0.0000e+00
     94.000     3.9012 3.1700e-01    80.2771     97.333      9.544 2.3361e-02   12.83487  56.262362     0.8788      49.27    133.699 0.0000e+00
     93.000     3.9046 3.1700e-01    80.2608     97.322      9.544 2.4360e-02   12.83536  56.262653     0.8796      49.27    132.277 0.0000e+00
     92.000     3.9085 3.1700e-01    80.2638     97.342      9.543 2.2119e-02   12.83806  56.282228     0.8794      49.27    130.855 0.0000e+00
     91.000     3.9123 3.1700e-01    80.2704     97.313      9.544 2.3503e-02   12.84042  56.272519     0.8791      49.27    129.432 0.0000e+00
     90.000     3.9147 3.1700e-01    80.2674     97.326      9.544 2.5407e-02   12.84141  56.284876     0.8793      49.27    128.010 0.0000e+00
     89.000     3.9168 3.1700e-01    80.2626     97.292      9.544 2.2811e-02   12.84357  56.269063     0.8795      49.27    126.588 0.0000e+00
     88.000     3.9218 3.1700e-01    80.2387     97.304      9.544 2.4205e-02   12.84492  56.285853     0.8807      49.27    125.165 0.0000e+00
     87.000     3.9255 3.1700e-01    80.2172     97.313      9.544 2.4073e-02   12.84650  56.298292     0.8817      49.27    123.743 0.0000e+00
     86.000     3.9283 3.1700e-01    80.2078     97.328      9.544 2.5529e-02   12.84692  56.312517     0.8822      49.27    122.321 0.0000e+00
     85.000     3.9347 3.1700e-01    80.1972     97.302      9.544 2.5760e-02   12.84780  56.309796     0.8827      49.27    120.898 0.0000e+00
     84.000     3.9342 3.1700e-01    80.1945     97.288      9.544 2.5594e-02   12.85094  56.300841     0.8829      49.27    119.476 0.0000e+00
     83.000     3.9346 3.1700e-01    80.1764     97.277      9.544 2.6526e-02   12.84872  56.295086     0.8838      49.27    118.054 0.0000e+00
     82.000     3.9364 3.1700e-01    80.1712     97.296      9.543 3.0547e-02   12.84755  56.309588     0.8840      49.27    116.632 0.0000e+00
     81.000     3.9402 3.1700e-01    80.1653     97.306      9.543 2.8030e-02   12.84688  56.322602     0.8843      49.27    115.209 0.0000e+00
     80.000     3.9495 3.1700e-01    80.1375     97.286      9.543 2.8401e-02   12.84493  56.329295     0.8857      49.27    113.787 0.0000e+00
     79.000     3.9555 3.1700e-01    80.1378     97.262      9.543 2.9392e-02   12.84511  56.327462     0.8857      49.27    112.365 0.0000e+00
     78.000     3.9678 3.1700e-01    80.1326     97.239      9.543 2.9142e-02   12.84488  56.337677     0.8860      49.27    110.942 0.0000e+00
     77.000     3.9750 3.1700e-01    80.0640     97.281      9.543 3.4015e-02   12.84353  56.376368     0.8894      41.30    109.520 0.0000e+00
     76.000     3.9873 3.1700e-01    80.0658     97.280      9.543 3.0620e-02   12.84192  56.399770     0.8893      32.83    108.098 0.0000e+00
     75.000     3.9991 3.1700e-01    80.0490     97.267      9.542 3.4262e-02   12.84472  56.415122     0.8901      31.83    106.675 0.0000e+00
     74.000     4.0014 3.1700e-01    80.0136     97.242      9.543 3.7020e-02   12.84778  56.405111     0.8919      31.45    105.253 0.0000e+00
     73.000     4.0071 3.1700e-01    79.9835     97.212      9.543 3.8483e-02   12.84646  56.398613     0.8934      28.64    103.830 0.0000e+00
     72.000     4.0107 3.1700e-01    79.9686     97.222      9.544 3.9401e-02   12.84839  56.411254     0.8941      49.65    102.408 0.0000e+00
     71.000     4.0177 3.1700e-01    79.9506     97.248      9.544 4.9997e-02   12.84499  56.440241     0.8950      49.27    100.986 0.0000e+00
     70.000     4.0210 3.1700e-01    79.9451     97.201      9.547 3.3538e-02   12.84154  56.419301     0.8953      17.99     99.563 0.0000e+00
     69.000     4.0173 3.1700e-01    79.9629     97.223      9.546 3.1415e-02   12.84100  56.424673     0.8944      35.66     98.141 0.0000e+00
     68.000     4.0226 3.1700e-01    79.9588     97.231      9.545 3.1756e-02   12.84179  56.439652     0.8946      17.04     96.719 0.0000e+00
     67.000     4.0305 3.1700e-01    79.9384     97.208      9.546 3.5832e-02   12.84170  56.442161     0.8956      50.49     95.296 0.0000e+00
     66.000     4.0284 3.1700e-01    79.9487     97.224      9.545 3.3529e-02   12.84143  56.447126     0.8951      38.21     93.874 0.0000e+00
     65.000     4.0410 3.1700e-01    79.9082     97.210      9.546 3.5727e-02   12.84042  56.463237     0.8972      10.69     92.452 0.0000e+00
     64.000     4.0452 3.1700e-01    79.9072     97.244      9.546 3.7680e-02   12.84435  56.491084     0.8972      27.47     91.029 0.0000e+00
     63.000     4.0549 3.1700e-01    79.9424     97.144      9.547 3.8969e-02   12.84428  56.452336     0.8955      17.75     89.607 0.0000e+00
     62.000     4.0670 3.1700e-01    79.8725     97.200      9.547 3.5921e-02   12.84227  56.508256     0.8989      49.26     88.185 0.0000e+00
     61.000     4.0712 3.1700e-01    79.8000     97.148      9.546 3.6319e-02   12.84157  56.485864     0.9026      11.06     86.762 0.0000e+00
     60.000     4.0756 3.1700e-01    79.8390     97.154      9.546 3.7025e-02   12.84335  56.497916     0.9006      44.04     85.340 0.0000e+00
     59.000     4.0768 3.1700e-01    79.8286     97.180      9.546 3.8899e-02   12.84410  56.515780     0.9011      26.74     83.918 0.0000e+00
     58.000     4.0781 3.1700e-01    79.8442     97.172      9.546 3.9864e-02   12.84517  56.513594     0.9004      49.73     82.495 0.0000e+00
     57.000     4.0797 3.1700e-01    79.8025     97.131      9.546 3.8625e-02   12.84540  56.492639     0.9025      25.90     81.073 0.0000e+00
     56.000     4.1092 3.1700e-01    79.8074     97.165      9.546 3.6252e-02   12.84188  56.569608     0.9022      46.36     79.651 0.0000e+00
     55.000     4.1237 3.1700e-01    79.7729     97.132      9.546 3.6505e-02   12.84776  56.578570     0.9040       0.99     78.228 0.0000e+00
     54.000     4.1091 3.1700e-01    79.7965     97.117      9.546 3.9454e-02   12.85803  56.541683     0.9028      13.27     76.806 0.0000e+00
     53.000     4.0951 3.1700e-01    79.7668     97.147      9.546 3.7339e-02   12.85480  56.531721     0.9043      45.31     75.384 0.0000e+00
     52.000     4.1933 3.1700e-01    79.5521     97.077      9.551 3.7891e-02   12.85420  56.682119     0.9151      49.27     73.961 0.0000e+00
     51.000     4.2330 3.1700e-01    79.5200     97.091      9.550 3.7178e-02   12.84439  56.767254     0.9166      31.21     72.539 0.0000e+00
     50.000     4.3532 3.1700e-01    79.4618     97.034      9.549 4.4215e-02   12.82285  56.967238     0.9196      35.22     71.117 0.0000e+00
     49.000     4.4669 3.1700e-01    79.3823     96.967      9.548 5.3833e-02   12.82172  57.148295     0.9236      49.43     69.694 0.0000e+00
     48.000     4.4858 3.1700e-01    79.3995     96.962      9.548 5.6592e-02   12.84009  57.181993     0.9227      49.27     68.272 0.0000e+00
     47.000     4.5949 3.1700e-01    79.3174     96.952      9.547 5.2168e-02   12.82179  57.388099     0.9269      37.27     66.850 0.0000e+00
     46.000     4.6778 3.1700e-01    79.1860     96.862      9.546 5.6708e-02   12.81978  57.495198     0.9335      -0.53     65.427 0.0000e+00
     45.000     4.7810 3.1700e-01    79.1015     96.836      9.545 5.8155e-02   12.81477  57.679753     0.9378       0.98     64.005 0.0000e+00
     44.000     4.8654 3.1700e-01    79.0609     96.817      9.544 5.9819e-02   12.81023  57.831582     0.9398       0.81     62.583 0.0000e+00
     43.000     5.0153 3.1700e-01    78.9515     96.749      9.543 5.9779e-02   12.80336  58.081617     0.9454      47.20     61.160 0.0000e+00
     42.000     5.1740 3.1700e-01    78.8200     96.739      9.542 6.5710e-02   12.78000  58.382446     0.9520      49.22     59.738 0.0000e+00
     41.000     5.4366 3.1700e-01    78.7299     96.683      9.539 5.9550e-02   12.75608  58.856653     0.9566      49.27     58.316 0.0000e+00
     40.000     5.6510 3.1700e-01    78.5545     96.542      9.537 6.9091e-02   12.74684  59.184564     0.9655      49.27     56.893 0.0000e+00
     39.000     5.6929 3.1700e-01    78.4747     96.548      9.537 8.0025e-02   12.77577  59.269629     0.9696      49.27     55.471 0.0000e+00
     38.000     5.9544 3.1700e-01    78.3060     96.453      9.535 7.1093e-02   12.71405  59.715468     0.9782      26.67     54.049 0.0000e+00
     37.000     6.2325 3.1700e-01    78.2495     96.372      9.534 7.9158e-02   12.68023  60.201305     0.9811      40.76     52.626 0.0000e+00
     36.000     6.4657 3.1700e-01    77.9070     96.284      9.534 8.6692e-02   12.68544  60.595877     0.9986      49.44     51.204 0.0000e+00
     35.000     6.8204 3.1700e-01    77.6377     96.175      9.532 9.5577e-02   12.63939  61.209626     1.0125      49.27     49.782 0.0000e+00
     34.000     6.8795 3.1700e-01    77.6091     96.181      9.531 9.6140e-02   12.66951  61.327019     1.0139      49.27     48.359 0.0000e+00
     33.000     6.8621 3.1700e-01    77.3415     96.203      9.535 9.7702e-02   12.67505  61.307869     1.0278      49.27     46.937 0.0000e+00
     32.000     7.2924 3.1700e-01    77.1758     96.021      9.533 1.0881e-01   12.56123  62.018199     1.0363      32.01     45.515 0.0000e+00
     31.000     7.2715 3.1700e-01    76.9965     96.041      9.533 1.0156e-01   12.61509  61.991020     1.0456      48.99     44.092 0.0000e+00
     30.000     7.4381 3.1700e-01    76.7972     95.979      9.533 1.0944e-01   12.57025  62.270823     1.0560      49.27     42.670 0.0000e+00
     29.000     7.5687 3.1700e-01    76.6794     95.939      9.537 1.0826e-01   12.54949  62.495667     1.0621      49.27     41.248 0.0000e+00
     28.000     7.8463 3.1700e-01    76.5486     95.865      9.538 1.0315e-01   12.52003  62.980050     1.0690      25.32     39.825 0.0000e+00
     27.000     8.0469 3.1700e-01    76.2684     95.846      9.538 1.0826e-01   12.49986  63.352136     1.0837      49.25     38.403 0.0000e+00
     26.000     8.1520 3.1700e-01    76.0137     95.787      9.544 1.2443e-01   12.48651  63.514552     1.0970      49.27     36.981 0.0000e+00
     25.000     8.3337 3.1700e-01    75.1348     95.644      9.627 1.4076e-01   12.41122  63.767411     1.1435      49.04     35.558 0.0000e+00
     24.000     8.3481 3.1700e-01    75.3445     95.591      9.636 1.1221e-01   12.42800  63.759586     1.1324      48.60     34.136 0.0000e+00
     23.000     8.4271 3.1700e-01    75.2612     95.574      9.640 1.2675e-01   12.40733  63.899250     1.1368      48.33     32.714 0.0000e+00
     22.000     8.5104 3.1700e-01    75.0265     95.548      9.645 1.5428e-01   12.40290  64.040785     1.1493      48.39     31.291 0.0000e+00
     21.000     8.5745 3.1700e-01    74.8904     95.500      9.650 1.4742e-01   12.40783  64.131024     1.1566      48.07     29.869 0.0000e+00
     20.000     8.6187 3.1700e-01    74.8265     95.478      9.654 1.4286e-01   12.41914  64.201032     1.1600      49.27     28.447 0.0000e+00
