analysis/data/sampleData/SU09_2002.cnv
* Sea-Bird SBE 9 Data File:
* FileName = C:\EPA Survey data\EPA SURVEY DATA\summer02\Summer Cruise\Lake Superior\su090221.dat
* Software Version Seasave Win32 V 5.24
* Temperature SN = 1554
* Conductivity SN = 2244
* Number of Bytes Per Scan = 24
* Number of Voltage Words = 4
* Number of Scans Averaged by the Deck Unit = 1
* NMEA Latitude = 48 26.21 N
* NMEA Longitude = 087 05.09 W
* NMEA UTC (Time) = none
** Ship:      Lake Guardian 
** Cruise:  summer 2002 
** Station:    su09
# nquan = 13
# nvalues = 463                         
# units = specified
# name 0 = depFM: Depth [fresh water, m]
# name 1 = t090C: Temperature [ITS-90, deg C]
# name 2 = par: PAR/Irradiance, Biospherical/Licor
# name 3 = xmiss: Beam Transmission, Chelsea/Seatech/Wetlab CStar [%]
# name 4 = specc: Specific Conductance [uS/cm]
# name 5 = ph: pH
# name 6 = flSP: Fluorescence, Seapoint
# name 7 = sbeox0Mg/L: Oxygen, SBE 43 [mg/l]
# name 8 = c0uS/cm: Conductivity [uS/cm]
# name 9 = bat: Beam Attenuation, Chelsea/Seatech/Wetlab CStar [1/m]
# name 10 = altM: Altimeter [m]
# name 11 = prDE: Pressure, Digiquartz [psi]
# name 13 = flag: flag
# span 0 =      1.000,    232.000       
# span 1 =     3.7549,    15.4616       
# span 2 = 3.1700e-01, 3.1700e-01       
# span 3 =    68.2678,    81.5756       
# span 4 =     92.634,     99.213       
# span 5 =      9.173,     10.014       
# span 6 = 1.2634e-02, 1.6169e-01       
# span 7 =    8.06698,   12.89469       
# span 8 =  56.194849,  77.848059       
# span 9 =     0.8145,     1.5899       
# span 10 =      -0.53,      50.49      
# span 11 =      1.422,    329.982      
# span 12 = 0.0000e+00, 0.0000e+00      
# interval = meters: 1                  
# start_time = Aug 27 2002 03:12:04
# bad_flag = -9.990e-29
*END*
[from data line 223]
    224.000     3.7558 3.1700e-01    79.9324     98.359      9.565 2.0076e-02   12.77188  56.569552     0.8960       5.94    318.603 0.0000e+00
    225.000     3.7578 3.1700e-01    79.7579     98.375      9.565 2.0653e-02   12.76785  56.582730     0.9047       5.31    320.025 0.0000e+00
    226.000     3.7580 3.1700e-01    79.7004     98.355      9.565 1.7707e-02   12.76335  56.571722     0.9076       4.66    321.448 0.0000e+00
    227.000     3.7596 3.1700e-01    79.6425     98.352      9.565 1.8458e-02   12.75927  56.572896     0.9105       4.02    322.870 0.0000e+00
    228.000     3.7627 3.1700e-01    79.5247     98.386      9.562 1.8764e-02   12.75800  56.598911     0.9164       3.43    324.292 0.0000e+00
    229.000     3.7660 3.1700e-01    79.2641     98.361      9.560 1.9527e-02   12.75692  56.590975     0.9295       2.82    325.714 0.0000e+00
    230.000     3.7667 3.1700e-01    79.2719     98.369      9.559 1.9262e-02   12.75254  56.596648     0.9291       2.21    327.137 0.0000e+00
    231.000     3.7661 3.1700e-01    79.2628     98.346      9.556 1.8351e-02   12.75083  56.582610     0.9296       1.55    328.559 0.0000e+00
    232.000     3.7660 3.1700e-01    78.0587     98.282      9.554 2.0903e-02   12.74796  56.545145     0.9932      17.10    329.982 0.0000e+00
    231.000     3.7663 3.1700e-01    68.2678     98.221      9.549 1.9613e-02   12.74559  56.511229     1.5899      44.95    328.559 0.0000e+00
    230.000     3.7662 3.1700e-01    79.1194     98.210      9.549 1.8387e-02   12.74267  56.504541     0.9362      30.73    327.137 0.0000e+00
    229.000     3.7656 3.1700e-01    79.0615     98.193      9.549 1.7432e-02   12.74172  56.493238     0.9398      33.38    325.715 0.0000e+00
    228.000     3.7654 3.1700e-01    79.0935     98.157      9.548 1.7997e-02   12.74163  56.472282     0.9382       0.18    324.292 0.0000e+00
    227.000     3.7663 3.1700e-01    78.9943     98.146      9.545 1.9443e-02   12.74062  56.467740     0.9432       1.60    322.870 0.0000e+00
    226.000     3.7653 3.1700e-01    79.0849     98.116      9.544 1.7921e-02   12.73948  56.448503     0.9386       0.73    321.448 0.0000e+00
    225.000     3.7625 3.1700e-01    79.2546     98.095      9.544 1.7547e-02   12.74304  56.430604     0.9300       0.94    320.025 0.0000e+00
    224.000     3.7624 3.1700e-01    79.3355     98.091      9.544 1.8719e-02   12.74534  56.428062     0.9260       1.37    318.603 0.0000e+00
    223.000     3.7601 3.1700e-01    79.4095     98.093      9.544 1.8683e-02   12.75074  56.424680     0.9222       1.83    317.181 0.0000e+00
    222.000     3.7583 3.1700e-01    79.5027     98.040      9.545 1.7565e-02   12.74935  56.390972     0.9175       2.30    315.758 0.0000e+00
    221.000     3.7597 3.1700e-01    79.4388     98.022      9.544 1.8889e-02   12.75260  56.383221     0.9207       2.67    314.336 0.0000e+00
    220.000     3.7621 3.1700e-01    79.3587     98.046      9.543 1.5903e-02   12.75222  56.402069     0.9248       2.35    312.913 0.0000e+00
    219.000     3.7625 3.1700e-01    79.3274     98.040      9.542 1.8275e-02   12.75287  56.399540     0.9264       3.37    311.491 0.0000e+00
    218.000     3.7584 3.1700e-01    79.3881     98.055      9.540 2.0787e-02   12.75145  56.399813     0.9233       4.18    310.069 0.0000e+00
    217.000     3.7580 3.1700e-01    79.4709     98.025      9.540 2.0875e-02   12.74885  56.381735     0.9191       4.70    308.647 0.0000e+00
    216.000     3.7567 3.1700e-01    79.5730     98.016      9.539 1.9495e-02   12.75211  56.374282     0.9140       5.23    307.224 0.0000e+00
    215.000     3.7549 3.1700e-01    79.6486     97.986      9.539 1.7313e-02   12.75263  56.353481     0.9102       5.77    305.802 0.0000e+00
    214.000     3.7555 3.1700e-01    79.7332     97.976      9.539 1.7809e-02   12.75309  56.348993     0.9060       6.29    304.379 0.0000e+00
    213.000     3.7576 3.1700e-01    79.7368     97.947      9.539 1.8791e-02   12.75622  56.336130     0.9058       6.82    302.957 0.0000e+00
    212.000     3.7575 3.1700e-01    79.6934     97.985      9.539 1.7029e-02   12.75827  56.357824     0.9079       7.33    301.535 0.0000e+00
    211.000     3.7583 3.1700e-01    79.6828     97.978      9.539 1.8815e-02   12.75947  56.355481     0.9084       7.84    300.112 0.0000e+00
    210.000     3.7583 3.1700e-01    79.6578     97.932      9.539 2.0710e-02   12.75966  56.329142     0.9097       8.36    298.690 0.0000e+00
    209.000     3.7584 3.1700e-01    79.7115     97.941      9.539 1.6465e-02   12.76101  56.334042     0.9070       8.89    297.268 0.0000e+00
    208.000     3.7584 3.1700e-01    79.7040     97.956      9.539 1.4682e-02   12.76083  56.342722     0.9074       9.41    295.846 0.0000e+00
    207.000     3.7595 3.1700e-01    79.7448     97.939      9.539 1.7344e-02   12.75920  56.335180     0.9054       9.93    294.423 0.0000e+00
    206.000     3.7594 3.1700e-01    79.7345     97.949      9.539 1.6861e-02   12.75850  56.341145     0.9059      10.47    293.001 0.0000e+00
    205.000     3.7593 3.1700e-01    79.7625     97.940      9.539 1.7689e-02   12.76079  56.335316     0.9045      10.97    291.578 0.0000e+00
    204.000     3.7591 3.1700e-01    79.7492     97.920      9.539 1.7744e-02   12.76242  56.323410     0.9052      11.49    290.156 0.0000e+00
    203.000     3.7591 3.1700e-01    79.7539     97.904      9.539 1.5833e-02   12.76141  56.314571     0.9049      12.02    288.734 0.0000e+00
    202.000     3.7589 3.1700e-01    79.7624     97.928      9.539 1.9167e-02   12.76309  56.327804     0.9045      15.67    287.312 0.0000e+00
    201.000     3.7587 3.1700e-01    79.7919     97.893      9.539 1.5726e-02   12.76329  56.307260     0.9030      18.57    285.889 0.0000e+00
    200.000     3.7590 3.1700e-01    79.7880     97.861      9.539 1.6445e-02   12.76590  56.289521     0.9032      13.53    284.467 0.0000e+00
    199.000     3.7588 3.1700e-01    79.8027     97.915      9.539 1.6688e-02   12.76806  56.320356     0.9025      14.02    283.045 0.0000e+00
    198.000     3.7585 3.1700e-01    79.8262     97.884      9.539 1.5699e-02   12.76948  56.301887     0.9013      14.58    281.622 0.0000e+00
    197.000     3.7587 3.1700e-01    79.8045     97.881      9.539 1.8113e-02   12.77102  56.300563     0.9024      23.00    280.200 0.0000e+00
    196.000     3.7586 3.1700e-01    79.8057     97.879      9.539 1.6073e-02   12.77137  56.299107     0.9023      15.63    278.777 0.0000e+00
    195.000     3.7573 3.1700e-01    80.0196     97.854      9.539 1.7079e-02   12.77198  56.282023     0.8916      39.61    277.355 0.0000e+00
    194.000     3.7580 3.1700e-01    80.1831     97.858      9.539 1.6488e-02   12.77488  56.285958     0.8834      49.37    275.933 0.0000e+00
    193.000     3.7580 3.1700e-01    80.3017     97.801      9.539 1.7596e-02   12.78161  56.252798     0.8775      48.20    274.510 0.0000e+00
    192.000     3.7587 3.1700e-01    80.3851     97.818      9.539 1.6083e-02   12.78724  56.264359     0.8734      28.13    273.088 0.0000e+00
    191.000     3.7596 3.1700e-01    80.3743     97.834      9.539 1.6667e-02   12.79268  56.275188     0.8739      39.55    271.666 0.0000e+00
    190.000     3.7613 3.1700e-01    80.4356     97.820      9.539 1.4499e-02   12.79531  56.270477     0.8708      49.42    270.244 0.0000e+00
    189.000     3.7627 3.1700e-01    80.4343     97.803      9.539 1.6159e-02   12.79776  56.263711     0.8709      25.96    268.821 0.0000e+00
    188.000     3.7623 3.1700e-01    80.4449     97.796      9.539 1.5796e-02   12.80150  56.258740     0.8704      44.79    267.399 0.0000e+00
    187.000     3.7621 3.1700e-01    80.4880     97.790      9.539 1.5484e-02   12.80347  56.254930     0.8683      35.45    265.977 0.0000e+00
    186.000     3.7634 3.1700e-01    80.4808     97.814      9.539 1.5167e-02   12.80423  56.271151     0.8686      49.34    264.554 0.0000e+00
    185.000     3.7646 3.1700e-01    80.5233     97.792      9.539 1.4405e-02   12.80685  56.260798     0.8665      33.25    263.132 0.0000e+00
    184.000     3.7658 3.1700e-01    80.5359     97.752      9.539 1.6619e-02   12.80935  56.239833     0.8659      48.85    261.709 0.0000e+00
    183.000     3.7674 3.1700e-01    80.5892     97.744      9.539 1.4856e-02   12.80824  56.238335     0.8632      49.27    260.287 0.0000e+00
    182.000     3.7697 3.1700e-01    80.5832     97.728      9.539 1.7419e-02   12.80883  56.233843     0.8635      49.27    258.865 0.0000e+00
    181.000     3.7704 3.1700e-01    80.6218     97.765      9.539 1.4786e-02   12.81216  56.256244     0.8616      49.27    257.443 0.0000e+00
    180.000     3.7709 3.1700e-01    80.6330     97.746      9.539 1.7105e-02   12.81456  56.246312     0.8611      49.27    256.020 0.0000e+00
    179.000     3.7714 3.1700e-01    80.6198     97.732      9.539 1.5524e-02   12.81575  56.239550     0.8617      49.27    254.598 0.0000e+00
    178.000     3.7727 3.1700e-01    80.6346     97.714      9.539 1.6272e-02   12.81631  56.231633     0.8610      49.27    253.176 0.0000e+00
    177.000     3.7730 3.1700e-01    80.6266     97.727      9.539 1.5083e-02   12.81883  56.239847     0.8614      38.54    251.753 0.0000e+00
    176.000     3.7734 3.1700e-01    80.6335     97.720      9.539 1.5019e-02   12.82022  56.236781     0.8610      49.61    250.331 0.0000e+00
    175.000     3.7745 3.1700e-01    80.6271     97.644      9.540 1.4378e-02   12.82234  56.194849     0.8613      49.27    248.908 0.0000e+00
    174.000     3.7779 3.1700e-01    80.6509     97.716      9.540 1.4933e-02   12.82351  56.243056     0.8602      49.27    247.486 0.0000e+00
    173.000     3.7760 3.1700e-01    80.6688     97.705      9.540 1.8533e-02   12.82582  56.233050     0.8593      49.27    246.064 0.0000e+00
    172.000     3.7798 3.1700e-01    80.6597     97.741      9.540 1.4765e-02   12.82401  56.260929     0.8597      49.27    244.641 0.0000e+00
    171.000     3.7806 3.1700e-01    80.6662     97.719      9.540 1.3748e-02   12.82688  56.249769     0.8594      49.27    243.219 0.0000e+00
    170.000     3.7836 3.1700e-01    80.6904     97.693      9.540 1.4654e-02   12.82617  56.240561     0.8582      29.05    241.797 0.0000e+00
    169.000     3.7843 3.1700e-01    80.6714     97.675      9.541 1.5452e-02   12.82463  56.231714     0.8591      49.57    240.375 0.0000e+00
    168.000     3.7857 3.1700e-01    80.6967     97.668      9.541 1.4080e-02   12.82817  56.230410     0.8579      37.85    238.952 0.0000e+00
    167.000     3.7882 3.1700e-01    80.7058     97.679      9.542 1.9747e-02   12.82817  56.242106     0.8574       1.18    237.530 0.0000e+00
    166.000     3.7909 3.1700e-01    80.7147     97.686      9.544 1.5211e-02   12.83102  56.251377     0.8570      15.50    236.107 0.0000e+00
    165.000     3.7920 3.1700e-01    80.7139     97.659      9.544 1.5810e-02   12.83398  56.237552     0.8570      49.62    234.685 0.0000e+00
    164.000     3.7929 3.1700e-01    80.7135     97.650      9.544 1.5157e-02   12.83340  56.234455     0.8571      49.27    233.263 0.0000e+00
    163.000     3.7937 3.1700e-01    80.6976     97.649      9.544 1.3967e-02   12.83219  56.235317     0.8578      49.27    231.840 0.0000e+00
    162.000     3.7954 3.1700e-01    80.7095     97.689      9.544 1.7380e-02   12.83310  56.261410     0.8572      49.27    230.418 0.0000e+00
    161.000     3.7973 3.1700e-01    80.7028     97.639      9.544 1.5932e-02   12.83596  56.236435     0.8576      49.27    228.996 0.0000e+00
    160.000     3.7979 3.1700e-01    80.7175     97.626      9.544 1.6471e-02   12.83869  56.230355     0.8569      49.27    227.573 0.0000e+00
    159.000     3.7989 3.1700e-01    80.7212     97.624      9.544 1.5864e-02   12.83758  56.231217     0.8567      49.27    226.151 0.0000e+00
    158.000     3.8000 3.1700e-01    80.7315     97.674      9.544 1.5480e-02   12.83551  56.261924     0.8562      34.76    224.729 0.0000e+00
    157.000     3.8031 3.1700e-01    80.7436     97.631      9.544 1.5418e-02   12.83535  56.243330     0.8556      42.09    223.306 0.0000e+00
    156.000     3.8064 3.1700e-01    80.7407     97.641      9.544 1.5084e-02   12.83483  56.255461     0.8557      49.25    221.884 0.0000e+00
    155.000     3.8074 3.1700e-01    80.7307     97.604      9.544 1.6445e-02   12.83487  56.236309     0.8562      49.27    220.462 0.0000e+00
    154.000     3.8080 3.1700e-01    80.7229     97.591      9.544 1.6772e-02   12.83357  56.229616     0.8566      49.27    219.040 0.0000e+00
    153.000     3.8085 3.1700e-01    80.7240     97.592      9.544 1.7715e-02   12.83241  56.231684     0.8565      49.27    217.617 0.0000e+00
    152.000     3.8096 3.1700e-01    80.7270     97.593      9.544 1.5876e-02   12.83557  56.234286     0.8564      34.71    216.195 0.0000e+00
    151.000     3.8104 3.1700e-01    80.7169     97.610      9.544 1.6649e-02   12.83599  56.245764     0.8569      46.62    214.773 0.0000e+00
    150.000     3.8127 3.1700e-01    80.7151     97.615      9.544 1.7774e-02   12.83576  56.252842     0.8570      49.22    213.350 0.0000e+00
    149.000     3.8133 3.1700e-01    80.7046     97.573      9.544 1.6634e-02   12.83741  56.230181     0.8575      49.27    211.928 0.0000e+00
    148.000     3.8142 3.1700e-01    80.6913     97.599      9.544 1.6881e-02   12.83863  56.246507     0.8582      49.27    210.505 0.0000e+00
    147.000     3.8154 3.1700e-01    80.6993     97.579      9.544 1.7042e-02   12.83913  56.237326     0.8577      49.27    209.083 0.0000e+00
    146.000     3.8176 3.1700e-01    80.7051     97.579      9.544 1.7070e-02   12.83841  56.241539     0.8575      49.27    207.661 0.0000e+00
    145.000     3.8229 3.1700e-01    80.6852     97.584      9.544 1.6658e-02   12.83762  56.254716     0.8585      49.27    206.238 0.0000e+00
    144.000     3.8235 3.1700e-01    80.6746     97.589      9.544 1.7409e-02   12.83875  56.258807     0.8590      49.27    204.816 0.0000e+00
    143.000     3.8225 3.1700e-01    80.6950     97.573      9.544 1.7646e-02   12.83769  56.247465     0.8580      49.27    203.394 0.0000e+00
    142.000     3.8232 3.1700e-01    80.6713     97.581      9.544 1.7045e-02   12.83738  56.253852     0.8592      49.27    201.971 0.0000e+00
    141.000     3.8243 3.1700e-01    80.6717     97.571      9.544 1.7810e-02   12.83776  56.249961     0.8591      49.27    200.549 0.0000e+00
    140.000     3.8254 3.1700e-01    80.6548     97.548      9.544 1.6398e-02   12.83780  56.239153     0.8600      49.27    199.127 0.0000e+00
    139.000     3.8289 3.1700e-01    80.6578     97.536      9.543 1.8066e-02   12.83614  56.238995     0.8598      49.27    197.704 0.0000e+00
    138.000     3.8304 3.1700e-01    80.6548     97.522      9.543 1.7274e-02   12.83713  56.233805     0.8600      49.27    196.282 0.0000e+00
    137.000     3.8321 3.1700e-01    80.6647     97.527      9.543 1.7524e-02   12.83688  56.239843     0.8595      49.27    194.860 0.0000e+00
    136.000     3.8328 3.1700e-01    80.6705     97.533      9.543 1.7536e-02   12.83686  56.245106     0.8592      49.27    193.437 0.0000e+00
    135.000     3.8342 3.1700e-01    80.6547     97.535      9.543 1.7785e-02   12.83707  56.248712     0.8600      49.27    192.015 0.0000e+00
    134.000     3.8377 3.1700e-01    80.6443     97.516      9.543 1.7862e-02   12.83844  56.244358     0.8605      49.27    190.593 0.0000e+00
    133.000     3.8375 3.1700e-01    80.6053     97.543      9.543 1.8769e-02   12.83756  56.259990     0.8624      49.27    189.170 0.0000e+00
    132.000     3.8360 3.1700e-01    80.6101     97.502      9.543 1.9388e-02   12.83674  56.232889     0.8622      49.27    187.748 0.0000e+00
    131.000     3.8376 3.1700e-01    80.6288     97.490      9.543 1.8679e-02   12.83510  56.229222     0.8613      49.27    186.326 0.0000e+00
