uploads/sample.cnv
* Sea-Bird SBE 9 Data File:
* FileName = C:\Data\2012 Data\Summer Survey 2012\Ontario\ON12.hex
* Software Version Seasave V 7.21f
* Temperature SN = 5394
* Conductivity SN = 3828
* Number of Bytes Per Scan = 34
* Number of Voltage Words = 5
* Number of Scans Averaged by the Deck Unit = 1
* NMEA Latitude = 43 30.18 N
* NMEA Longitude = 079 21.19 W
* NMEA UTC (Time) = Aug 12 2012  16:03:59
* NMEA baud rate = 4800
** Ship: Lake Guardian
** Cruise: Summer Survey 2012
** Station:  ON12
# nquan = 17
# nvalues = 20191                                 
# units = specified
# name 0 = depFM: Depth [fresh water, m]
# name 1 = t090C: Temperature [ITS-90, deg C]
# name 2 = c0mS/cm: Conductivity [mS/cm]
# name 3 = sbeox0Mg/L: Oxygen, SBE 43 [mg/l]
# name 4 = par: PAR/Irradiance, Biospherical/Licor
# name 5 = ph: pH
# name 6 = altM: Altimeter [m]
# name 7 = bat: Beam Attenuation, Chelsea/Seatech [1/m]
# name 8 = xmiss: Beam Transmission, Chelsea/Seatech [%]
# name 9 = prDE: Pressure, Digiquartz [psi]
# name 10 = ptempC: Pressure Temperature [deg C]
# name 11 = flSP: Fluorescence, Seapoint
# name 12 = specc: Specific Conductance [uS/cm]
# name 13 = spar: SPAR/Surface Irradiance
# name 14 = upoly0: Upoly 0, DO, mg/L Optode 4330FA
# name 15 = upoly1: Upoly 1, Temp, C Optode 4330FA
# name 16 = flag:  0.000e+00
# span 0 =      0.600,    102.903                 
# span 1 =     4.4475,    24.0553                 
# span 2 =  -0.003071,   0.291577                 
# span 3 =    5.76047,   11.80435                 
# span 4 = 1.0000e-12, 1.7143e+03                 
# span 5 =      5.307,      9.562                 
# span 6 =       0.00,     100.00                 
# span 7 =     0.2888,     4.0893                 
# span 8 =    35.9757,    93.0351                 
# span 9 =      0.853,    146.363                 
# span 10 =      23.65,      24.13                
# span 11 = 0.0000e+00, 3.1905e+00                
# span 12 =     -3.155,    321.065                
# span 13 = 1.2873e+03, 3.2970e+03                
# span 14 =  1.3369963,  1.8986569                
# span 15 =  4.4554335,  24.255189                
# span 16 = 0.0000e+00, 0.0000e+00                
# interval = seconds: 0.0416667
# start_time = Aug 12 2012 16:03:59 [NMEA time, header]
# bad_flag = -9.990e-29
*END*
[from data line 13873]
     66.037     4.8494   0.190536   11.35148 1.0000e-12      8.819      40.12     0.3328    92.0162     93.926      24.13 1.8437e-01    319.149 2.8485e+03  1.8449328  4.8461538  0.000e+00
     66.037     4.8499   0.190475   11.35012 1.0000e-12      8.819      40.12     0.3317    92.0424     93.926      24.13 1.7338e-01    319.042 2.8485e+03  1.8449328  4.8461538  0.000e+00
     65.974     4.8499   0.190445   11.34982 1.0000e-12      8.819      40.12     0.3328    92.0162     93.838      24.13 1.6239e-01    318.992 2.8485e+03  1.8449328  4.8461538  0.000e+00
     66.037     4.8497   0.190323   11.34971 1.0000e-12      8.819      40.12     0.3328    92.0162     93.926      24.13 1.5018e-01    318.790 2.8485e+03  1.8449328  4.8461538  0.000e+00
     66.013     4.8496   0.190475   11.35956 1.0000e-12      8.819      40.12     0.3328    92.0162     93.893      24.13 1.4042e-01    319.046 2.8485e+03  1.8449328  4.8461538  0.000e+00
     66.037     4.8496   0.190384   11.35230 1.0000e-12      8.819      40.12     0.3328    92.0162     93.926      24.13 1.3431e-01    318.893 2.8485e+03  1.8449328  4.8461538  0.000e+00
     65.974     4.8499   0.190414   11.35284 1.0000e-12      8.819      40.12     0.3328    92.0162     93.838      24.13 1.2943e-01    318.941 2.8485e+03  1.8449328  4.8461538  0.000e+00
     66.037     4.8499   0.190475   11.34459 1.0000e-12      8.814      40.12     0.3328    92.0162     93.926      24.13 1.2821e-01    319.042 2.8485e+03  1.8449328  4.8461538  0.000e+00
     66.037     4.8499   0.190384   11.33419 1.0000e-12      8.819      40.12     0.3328    92.0162     93.926      24.13 1.3553e-01    318.890 2.8485e+03  1.8437118  4.8461538  0.000e+00
     66.037     4.8499   0.190414   11.34093 1.0000e-12      8.819      40.12     0.3328    92.0162     93.926      24.13 1.5263e-01    318.941 2.8485e+03  1.8424908  4.8461538  0.000e+00
     65.974     4.8496   0.190505   11.34871 1.0000e-12      8.819      40.12     0.3328    92.0162     93.838      24.13 1.7705e-01    319.097 2.8485e+03  1.8412698  4.8461538  0.000e+00
     66.037     4.8499   0.190384   11.34841 1.0000e-12      8.819      40.12     0.3328    92.0162     93.926      24.13 1.9658e-01    318.890 2.8485e+03  1.8412698  4.8461538  0.000e+00
     66.037     4.8500   0.190293   11.34802 1.0000e-12      8.819      40.10     0.3328    92.0162     93.926      24.13 2.0269e-01    318.736 2.8485e+03  1.8412698  4.8461538  0.000e+00
     66.037     4.8499   0.190293   11.34876 1.0000e-12      8.819      40.10     0.3328    92.0162     93.926      24.13 1.9780e-01    318.738 2.8485e+03  1.8412698  4.8461538  0.000e+00
     66.013     4.8499   0.190293   11.34941 1.0000e-12      8.819      40.10     0.3317    92.0424     93.893      24.13 1.8559e-01    318.738 2.8485e+03  1.8412698  4.8461538  0.000e+00
     66.037     4.8497   0.190505   11.35017 1.0000e-12      8.819      40.10     0.3328    92.0162     93.926      24.13 1.7460e-01    319.095 2.8485e+03  1.8412698  4.8461538  0.000e+00
     65.974     4.8497   0.190414   11.35985 1.0000e-12      8.819      40.07     0.3317    92.0424     93.838      24.13 1.6484e-01    318.943 2.8485e+03  1.8412698  4.8461538  0.000e+00
     66.037     4.8497   0.190475   11.36054 1.0000e-12      8.819      40.07     0.3328    92.0162     93.926      24.13 1.5751e-01    319.044 2.8485e+03  1.8412698  4.8461538  0.000e+00
     66.037     4.8497   0.190445   11.36105 1.0000e-12      8.819      40.07     0.3328    92.0162     93.926      24.13 1.5385e-01    318.993 2.8485e+03  1.8412698  4.8461538  0.000e+00
     66.037     4.8499   0.190596   11.36143 1.0000e-12      8.819      40.07     0.3351    91.9640     93.926      24.13 1.5140e-01    319.245 2.8485e+03  1.8412698  4.8461538  0.000e+00
     66.037     4.8496   0.190475   11.35389 1.0000e-12      8.819      40.07     0.3385    91.8856     93.926      24.13 1.5263e-01    319.046 2.8485e+03  1.8412698  4.8461538  0.000e+00
     65.974     4.8497   0.190445   11.35306 1.0000e-12      8.819      40.07     0.3385    91.8856     93.838      24.13 1.5263e-01    318.993 2.8485e+03  1.8412698  4.8461538  0.000e+00
     66.037     4.8497   0.190354   11.35242 1.0000e-12      8.819      40.07     0.3385    91.8856     93.926      24.13 1.5385e-01    318.841 2.8485e+03  1.8412698  4.8461538  0.000e+00
     66.037     4.8496   0.190475   11.35169 1.0000e-12      8.819      40.07     0.3385    91.8856     93.926      24.13 1.5507e-01    319.046 2.8485e+03  1.8412698  4.8461538  0.000e+00
     66.013     4.8500   0.190566   11.35176 1.0000e-12      8.819      40.07     0.3385    91.8856     93.893      24.13 1.5751e-01    319.193 2.8485e+03  1.8412698  4.8461538  0.000e+00
     66.037     4.8496   0.190414   11.35221 1.0000e-12      8.819      40.07     0.3385    91.8856     93.926      24.13 1.5751e-01    318.944 2.8485e+03  1.8412698  4.8461538  0.000e+00
     66.037     4.8499   0.190687   11.36142 1.0000e-12      8.819      40.07     0.3385    91.8856     93.926      24.13 1.5873e-01    319.398 2.8485e+03  1.8412698  4.8461538  0.000e+00
     66.037     4.8499   0.190566   11.36268 1.0000e-12      8.819      40.07     0.3385    91.8856     93.926      24.13 1.5995e-01    319.195 2.8485e+03  1.8412698  4.8461538  0.000e+00
     66.037     4.8497   0.190445   11.35488 1.0000e-12      8.819      40.07     0.3385    91.8856     93.926      24.13 1.5995e-01    318.993 2.8485e+03  1.8412698  4.8461538  0.000e+00
     65.974     4.8496   0.190384   11.35501 1.0000e-12      8.819      40.07     0.3385    91.8856     93.838      24.13 1.5995e-01    318.893 2.8485e+03  1.8412698  4.8461538  0.000e+00
     66.037     4.8500   0.190354   11.35405 1.0000e-12      8.819      40.07     0.3385    91.8856     93.926      24.13 1.5751e-01    318.838 2.8485e+03  1.8412698  4.8461538  0.000e+00
     66.037     4.8497   0.190445   11.36226 1.0000e-12      8.819      40.10     0.3385    91.8856     93.926      24.13 1.5629e-01    318.993 2.8485e+03  1.8412698  4.8461538  0.000e+00
     66.037     4.8497   0.190505   11.36226 1.0000e-12      8.819      40.10     0.3385    91.8856     93.926      24.13 1.5995e-01    319.095 2.8504e+03  1.8412698  4.8461538  0.000e+00
     66.037     4.8499   0.190384   11.35306 1.0000e-12      8.819      40.10     0.3385    91.8856     93.926      24.13 1.6239e-01    318.890 2.8504e+03  1.8412698  4.8461538  0.000e+00
     66.013     4.8499   0.190414   11.35294 1.0000e-12      8.819      40.10     0.3385    91.8856     93.893      24.13 1.5873e-01    318.941 2.8504e+03  1.8412698  4.8461538  0.000e+00
     66.037     4.8499   0.190445   11.35289 1.0000e-12      8.819      40.10     0.3385    91.8856     93.926      24.13 1.5140e-01    318.992 2.8504e+03  1.8412698  4.8461538  0.000e+00
     66.037     4.8497   0.190445   11.35285 1.0000e-12      8.819      40.10     0.3385    91.8856     93.926      24.13 1.4774e-01    318.993 2.8504e+03  1.8412698  4.8461538  0.000e+00
     65.974     4.8499   0.190475   11.34356 1.0000e-12      8.819      40.10     0.3385    91.8856     93.838      24.13 1.5140e-01    319.042 2.8504e+03  1.8412698  4.8461538  0.000e+00
     66.037     4.8497   0.190505   11.34262 1.0000e-12      8.819      40.10     0.3385    91.8856     93.926      24.13 1.6117e-01    319.095 2.8504e+03  1.8412698  4.8461538  0.000e+00
     66.037     4.8496   0.190596   11.35070 1.0000e-12      8.819      40.10     0.3374    91.9117     93.926      24.13 1.7949e-01    319.249 2.8504e+03  1.8412698  4.8461538  0.000e+00
     66.037     4.8497   0.190596   11.35065 1.0000e-12      8.819      40.10     0.3351    91.9640     93.926      24.13 2.0513e-01    319.247 2.8504e+03  1.8412698  4.8461538  0.000e+00
     66.037     4.8499   0.190475   11.35859 1.0000e-12      8.819      40.10     0.3351    91.9640     93.926      24.13 2.3199e-01    319.042 2.8504e+03  1.8412698  4.8461538  0.000e+00
     66.037     4.8499   0.190445   11.35048 1.0000e-12      8.819      40.10     0.3351    91.9640     93.926      24.13 2.6129e-01    318.992 2.8504e+03  1.8412698  4.8461538  0.000e+00
     65.975     4.8499   0.190323   11.35031 1.0000e-12      8.819      40.10     0.3351    91.9640     93.838      24.13 2.9182e-01    318.789 2.8504e+03  1.8412698  4.8461538  0.000e+00
     66.068     4.8497   0.190445   11.35040 1.0000e-12      8.819      40.10     0.3351    91.9640     93.971      24.13 3.0891e-01    318.993 2.8523e+03  1.8412698  4.8461538  0.000e+00
     66.037     4.8499   0.190263   11.34915 1.0000e-12      8.819      40.10     0.3351    91.9640     93.927      24.13 2.9670e-01    318.687 2.8523e+03  1.8412698  4.8461538  0.000e+00
     65.975     4.8499   0.190414   11.34784 1.0000e-12      8.819      40.10     0.3340    91.9901     93.838      24.13 2.6496e-01    318.941 2.8523e+03  1.8412698  4.8461538  0.000e+00
     66.037     4.8496   0.190505   11.33879 1.0000e-12      8.819      40.10     0.3340    91.9901     93.927      24.13 2.3565e-01    319.097 2.8523e+03  1.8412698  4.8461538  0.000e+00
     66.037     4.8497   0.190414   11.34665 1.0000e-12      8.819      40.10     0.3351    91.9640     93.927      24.13 2.1245e-01    318.943 2.8523e+03  1.8412698  4.8461538  0.000e+00
     66.037     4.8499   0.190536   11.35553 1.0000e-12      8.819      40.10     0.3351    91.9640     93.927      24.13 1.9292e-01    319.144 2.8523e+03  1.8412698  4.8461538  0.000e+00
     66.037     4.8500   0.190505   11.35634 1.0000e-12      8.819      40.10     0.3351    91.9640     93.927      24.13 1.7705e-01    319.091 2.8523e+03  1.8412698  4.8461538  0.000e+00
     65.975     4.8497   0.190566   11.34810 1.0000e-12      8.819      40.10     0.3351    91.9640     93.838      24.13 1.6361e-01    319.196 2.8523e+03  1.8412698  4.8461538  0.000e+00
     66.037     4.8499   0.190475   11.34793 1.0000e-12      8.819      40.10     0.3351    91.9640     93.927      24.13 1.4774e-01    319.042 2.8523e+03  1.8412698  4.8461538  0.000e+00
     66.037     4.8499   0.190445   11.34880 1.0000e-12      8.819      40.10     0.3351    91.9640     93.927      24.13 1.3553e-01    318.992 2.8523e+03  1.8412698  4.8461538  0.000e+00
     66.014     4.8497   0.190323   11.35771 1.0000e-12      8.819      40.10     0.3340    91.9901     93.893      24.13 1.3187e-01    318.790 2.8523e+03  1.8412698  4.8461538  0.000e+00
     66.037     4.8499   0.190323   11.35852 1.0000e-12      8.819      40.10     0.3351    91.9640     93.927      24.13 1.3309e-01    318.789 2.8523e+03  1.8412698  4.8461538  0.000e+00
     66.037     4.8497   0.190536   11.35825 1.0000e-12      8.819      40.10     0.3351    91.9640     93.927      24.13 1.3065e-01    319.146 2.8523e+03  1.8412698  4.8461538  0.000e+00
     66.037     4.8497   0.190596   11.35678 1.0000e-12      8.819      40.10     0.3351    91.9640     93.927      24.13 1.2576e-01    319.247 2.8523e+03  1.8412698  4.8461538  0.000e+00
     65.975     4.8499   0.190475   11.35613 1.0000e-12      8.819      40.12     0.3351    91.9640     93.838      24.13 1.2576e-01    319.042 2.8523e+03  1.8412698  4.8461538  0.000e+00
     66.037     4.8499   0.190445   11.35670 1.0000e-12      8.819      40.12     0.3362    91.9378     93.927      24.13 1.2943e-01    318.992 2.8523e+03  1.8412698  4.8461538  0.000e+00
     66.037     4.8499   0.190445   11.35713 1.0000e-12      8.819      40.12     0.3408    91.8333     93.927      24.13 1.2821e-01    318.992 2.8523e+03  1.8412698  4.8461538  0.000e+00
     66.037     4.8499   0.190445   11.35752 1.0000e-12      8.819      40.12     0.3419    91.8072     93.927      24.13 1.2332e-01    318.992 2.8523e+03  1.8412698  4.8461538  0.000e+00
     65.975     4.8499   0.190475   11.35777 1.0000e-12      8.819      40.12     0.3419    91.8072     93.838      24.13 1.1600e-01    319.042 2.8523e+03  1.8412698  4.8461538  0.000e+00
     66.037     4.8497   0.190445   11.35822 1.0000e-12      8.819      40.12     0.3419    91.8072     93.927      24.13 1.1600e-01    318.993 2.8523e+03  1.8412698  4.8461538  0.000e+00
     66.068     4.8497   0.190536   11.35851 1.0000e-12      8.819      40.17     0.3419    91.8072     93.971      24.13 1.2821e-01    319.146 2.8523e+03  1.8412698  4.8461538  0.000e+00
     65.975     4.8497   0.190505   11.35967 1.0000e-12      8.819      40.17     0.3419    91.8072     93.838      24.13 1.4652e-01    319.095 2.8523e+03  1.8412698  4.8461538  0.000e+00
     66.037     4.8497   0.190323   11.36107 1.0000e-12      8.819      40.17     0.3419    91.8072     93.927      24.13 1.6728e-01    318.790 2.8523e+03  1.8412698  4.8461538  0.000e+00
     65.920     4.8496   0.190323   11.36224 1.0000e-12      8.819      40.17     0.3419    91.8072     93.760      24.13 1.6972e-01    318.792 2.8523e+03  1.8412698  4.8461538  0.000e+00
     66.092     4.8499   0.190445   11.36367 1.0000e-12      8.819      40.17     0.3419    91.8072     94.004      24.13 1.5751e-01    318.992 2.8523e+03  1.8412698  4.8461538  0.000e+00
     65.975     4.8497   0.190505   11.37283 1.0000e-12      8.819      40.17     0.3419    91.8072     93.838      24.13 1.5018e-01    319.095 2.8523e+03  1.8412698  4.8461538  0.000e+00
     66.037     4.8497   0.190384   11.36503 1.0000e-12      8.819      40.17     0.3419    91.8072     93.927      24.13 1.5263e-01    318.892 2.8523e+03  1.8412698  4.8461538  0.000e+00
     66.037     4.8497   0.190354   11.36512 1.0000e-12      8.819      40.17     0.3419    91.8072     93.927      24.13 1.5140e-01    318.841 2.8523e+03  1.8412698  4.8461538  0.000e+00
     65.975     4.8497   0.190293   11.36507 1.0000e-12      8.819      40.17     0.3419    91.8072     93.838      24.13 1.5507e-01    318.740 2.8523e+03  1.8412698  4.8461538  0.000e+00
     65.975     4.8499   0.190323   11.36502 1.0000e-12      8.819      40.17     0.3419    91.8072     93.838      24.13 1.7338e-01    318.789 2.8523e+03  1.8412698  4.8461538  0.000e+00
     66.014     4.8499   0.190354   11.36503 1.0000e-12      8.819      40.20     0.3419    91.8072     93.893      24.13 1.6972e-01    318.839 2.8523e+03  1.8412698  4.8461538  0.000e+00
     65.975     4.8496   0.190536   11.36606 1.0000e-12      8.819      40.20     0.3419    91.8072     93.838      24.13 1.5507e-01    319.147 2.8523e+03  1.8412698  4.8461538  0.000e+00
     66.037     4.8499   0.190505   11.35797 1.0000e-12      8.819      40.20     0.3419    91.8072     93.927      24.13 1.4530e-01    319.093 2.8504e+03  1.8412698  4.8461538  0.000e+00
     65.975     4.8497   0.190505   11.36592 1.0000e-12      8.819      40.20     0.3419    91.8072     93.838      24.13 1.4042e-01    319.095 2.8504e+03  1.8412698  4.8461538  0.000e+00
     66.037     4.8497   0.190566   11.36592 1.0000e-12      8.819      40.22     0.3419    91.8072     93.927      24.13 1.3797e-01    319.196 2.8504e+03  1.8412698  4.8461538  0.000e+00
     65.975     4.8497   0.190233   11.36572 1.0000e-12      8.819      40.22     0.3408    91.8333     93.838      24.13 1.3187e-01    318.638 2.8504e+03  1.8412698  4.8461538  0.000e+00
     65.975     4.8499   0.190354   11.36657 1.0000e-12      8.819      40.22     0.3317    92.0424     93.838      24.13 1.2576e-01    318.839 2.8504e+03  1.8412698  4.8461538  0.000e+00
     66.037     4.8497   0.190475   11.35854 1.0000e-12      8.819      40.22     0.3271    92.1469     93.927      24.13 1.2210e-01    319.044 2.8504e+03  1.8412698  4.8461538  0.000e+00
     65.975     4.8499   0.190323   11.36632 1.0000e-12      8.819      40.22     0.3271    92.1469     93.838      24.13 1.2088e-01    318.789 2.8504e+03  1.8412698  4.8461538  0.000e+00
     65.975     4.8497   0.190323   11.36619 1.0000e-12      8.819      40.24     0.3271    92.1469     93.838      24.13 1.2088e-01    318.790 2.8504e+03  1.8412698  4.8461538  0.000e+00
