uploads/sample.cnv
* Sea-Bird SBE 9 Data File:
* FileName = C:\Data\2012 Data\Summer Survey 2012\Ontario\ON12.hex
* Software Version Seasave V 7.21f
* Temperature SN = 5394
* Conductivity SN = 3828
* Number of Bytes Per Scan = 34
* Number of Voltage Words = 5
* Number of Scans Averaged by the Deck Unit = 1
* NMEA Latitude = 43 30.18 N
* NMEA Longitude = 079 21.19 W
* NMEA UTC (Time) = Aug 12 2012  16:03:59
* NMEA baud rate = 4800
** Ship: Lake Guardian
** Cruise: Summer Survey 2012
** Station:  ON12
# nquan = 17
# nvalues = 20191                                 
# units = specified
# name 0 = depFM: Depth [fresh water, m]
# name 1 = t090C: Temperature [ITS-90, deg C]
# name 2 = c0mS/cm: Conductivity [mS/cm]
# name 3 = sbeox0Mg/L: Oxygen, SBE 43 [mg/l]
# name 4 = par: PAR/Irradiance, Biospherical/Licor
# name 5 = ph: pH
# name 6 = altM: Altimeter [m]
# name 7 = bat: Beam Attenuation, Chelsea/Seatech [1/m]
# name 8 = xmiss: Beam Transmission, Chelsea/Seatech [%]
# name 9 = prDE: Pressure, Digiquartz [psi]
# name 10 = ptempC: Pressure Temperature [deg C]
# name 11 = flSP: Fluorescence, Seapoint
# name 12 = specc: Specific Conductance [uS/cm]
# name 13 = spar: SPAR/Surface Irradiance
# name 14 = upoly0: Upoly 0, DO, mg/L Optode 4330FA
# name 15 = upoly1: Upoly 1, Temp, C Optode 4330FA
# name 16 = flag:  0.000e+00
# span 0 =      0.600,    102.903                 
# span 1 =     4.4475,    24.0553                 
# span 2 =  -0.003071,   0.291577                 
# span 3 =    5.76047,   11.80435                 
# span 4 = 1.0000e-12, 1.7143e+03                 
# span 5 =      5.307,      9.562                 
# span 6 =       0.00,     100.00                 
# span 7 =     0.2888,     4.0893                 
# span 8 =    35.9757,    93.0351                 
# span 9 =      0.853,    146.363                 
# span 10 =      23.65,      24.13                
# span 11 = 0.0000e+00, 3.1905e+00                
# span 12 =     -3.155,    321.065                
# span 13 = 1.2873e+03, 3.2970e+03                
# span 14 =  1.3369963,  1.8986569                
# span 15 =  4.4554335,  24.255189                
# span 16 = 0.0000e+00, 0.0000e+00                
# interval = seconds: 0.0416667
# start_time = Aug 12 2012 16:03:59 [NMEA time, header]
# bad_flag = -9.990e-29
*END*
[from data line 14554]
     62.156     4.8802   0.190839   11.35633 1.0000e-12      8.819      43.59     0.3351    91.9640     88.407      24.13 1.4774e-01    319.327 2.5727e+03  1.8315018  4.8656899  0.000e+00
     62.156     4.8804   0.190596   11.35779 1.0000e-12      8.819      43.59     0.3351    91.9640     88.407      24.13 1.4774e-01    318.919 2.5689e+03  1.8315018  4.8656899  0.000e+00
     62.156     4.8806   0.190505   11.35919 1.0000e-12      8.819      43.61     0.3351    91.9640     88.407      24.13 1.3675e-01    318.765 2.5671e+03  1.8315018  4.8656899  0.000e+00
     62.102     4.8802   0.190505   11.36065 1.0000e-12      8.819      43.69     0.3351    91.9640     88.330      24.13 1.2943e-01    318.769 2.5652e+03  1.8315018  4.8656899  0.000e+00
     62.102     4.8799   0.190596   11.36212 1.0000e-12      8.819      43.69     0.3351    91.9640     88.330      24.13 1.3797e-01    318.924 2.5633e+03  1.8315018  4.8656899  0.000e+00
     62.102     4.8801   0.190536   11.35435 1.0000e-12      8.819      43.69     0.3351    91.9640     88.330      24.13 1.4530e-01    318.821 2.5614e+03  1.8315018  4.8656899  0.000e+00
     62.040     4.8809   0.190566   11.35323 1.0000e-12      8.819      43.69     0.3351    91.9640     88.241      24.13 1.4652e-01    318.864 2.5596e+03  1.8315018  4.8656899  0.000e+00
     61.985     4.8812   0.190657   11.35222 1.0000e-12      8.819      43.74     0.3351    91.9640     88.163      24.13 1.4774e-01    319.012 2.5577e+03  1.8315018  4.8656899  0.000e+00
     62.040     4.8816   0.190717   11.35130 1.0000e-12      8.819      43.81     0.3351    91.9640     88.241      24.13 1.4530e-01    319.109 2.5558e+03  1.8315018  4.8656899  0.000e+00
     61.985     4.8818   0.190626   11.35027 1.0000e-12      8.819      43.83     0.3351    91.9640     88.163      24.13 1.3919e-01    318.955 2.5539e+03  1.8315018  4.8656899  0.000e+00
     61.930     4.8823   0.190596   11.35815 1.0000e-12      8.819      43.83     0.3351    91.9640     88.086      24.13 1.4652e-01    318.899 2.5539e+03  1.8315018  4.8656899  0.000e+00
     61.930     4.8834   0.190505   11.36685 1.0000e-12      8.819      43.81     0.3351    91.9640     88.086      24.13 1.5018e-01    318.735 2.5521e+03  1.8315018  4.8656899  0.000e+00
     61.930     4.8834   0.190505   11.35870 1.0000e-12      8.819      43.88     0.3351    91.9640     88.086      24.13 1.5751e-01    318.735 2.5502e+03  1.8315018  4.8656899  0.000e+00
     61.868     4.8833   0.190445   11.35951 1.0000e-12      8.819      43.93     0.3351    91.9640     87.997      24.13 1.5995e-01    318.635 2.5502e+03  1.8315018  4.8656899  0.000e+00
     61.868     4.8821   0.190475   11.35164 1.0000e-12      8.819      43.96     0.3351    91.9640     87.997      24.13 1.5263e-01    318.698 2.5483e+03  1.8315018  4.8656899  0.000e+00
     61.868     4.8820   0.190596   11.35147 1.0000e-12      8.819      43.93     0.3351    91.9640     87.997      24.13 1.4530e-01    318.902 2.5464e+03  1.8315018  4.8656899  0.000e+00
     61.814     4.8818   0.190657   11.36028 1.0000e-12      8.819      43.96     0.3351    91.9640     87.920      24.13 1.4652e-01    319.006 2.5464e+03  1.8315018  4.8656899  0.000e+00
     61.814     4.8815   0.190596   11.35210 1.0000e-12      8.819      44.00     0.3351    91.9640     87.920      24.13 1.5263e-01    318.908 2.5445e+03  1.8315018  4.8656899  0.000e+00
     61.759     4.8810   0.190748   11.35084 1.0000e-12      8.819      44.03     0.3351    91.9640     87.842      24.13 1.5263e-01    319.166 2.5445e+03  1.8315018  4.8656899  0.000e+00
     61.759     4.8804   0.190808   11.35870 1.0000e-12      8.819      44.03     0.3351    91.9640     87.842      24.13 1.4774e-01    319.274 2.5427e+03  1.8315018  4.8656899  0.000e+00
     61.759     4.8804   0.190566   11.35937 1.0000e-12      8.819      44.03     0.3351    91.9640     87.842      24.13 1.4042e-01    318.869 2.5427e+03  1.8315018  4.8656899  0.000e+00
     61.704     4.8812   0.190505   11.36762 1.0000e-12      8.819      44.05     0.3351    91.9640     87.764      24.13 1.3919e-01    318.759 2.5408e+03  1.8315018  4.8656899  0.000e+00
     61.704     4.8816   0.190596   11.35884 1.0000e-12      8.819      44.15     0.3351    91.9640     87.764      24.13 1.7460e-01    318.906 2.5408e+03  1.8315018  4.8656899  0.000e+00
     61.642     4.8820   0.190657   11.34891 1.0000e-12      8.819      44.18     0.3351    91.9640     87.676      24.13 2.1612e-01    319.004 2.5389e+03  1.8315018  4.8656899  0.000e+00
     61.642     4.8814   0.190717   11.34733 1.0000e-12      8.819      44.18     0.3351    91.9640     87.676      24.13 2.1123e-01    319.111 2.5389e+03  1.8315018  4.8656899  0.000e+00
     61.588     4.8813   0.190778   11.35451 1.0000e-12      8.819      44.18     0.3340    91.9901     87.598      24.13 1.8681e-01    319.213 2.5389e+03  1.8315018  4.8656899  0.000e+00
     61.642     4.8810   0.190626   11.35492 1.0000e-12      8.819      44.22     0.3306    92.0685     87.676      24.13 1.6361e-01    318.963 2.5389e+03  1.8315018  4.8656899  0.000e+00
     61.588     4.8799   0.190687   11.35536 1.0000e-12      8.819      44.27     0.3294    92.0946     87.598      24.13 1.4896e-01    319.077 2.5389e+03  1.8315018  4.8656899  0.000e+00
     61.533     4.8786   0.190778   11.35581 1.0000e-12      8.819      44.32     0.3294    92.0946     87.521      24.13 1.3919e-01    319.242 2.5408e+03  1.8315018  4.8656899  0.000e+00
     61.533     4.8777   0.190626   11.34716 1.0000e-12      8.819      44.30     0.3306    92.0685     87.521      24.13 1.4042e-01    318.999 2.5408e+03  1.8315018  4.8656899  0.000e+00
     61.471     4.8781   0.190596   11.34601 1.0000e-12      8.819      44.30     0.3294    92.0946     87.432      24.13 1.5140e-01    318.944 2.5427e+03  1.8315018  4.8656899  0.000e+00
     61.471     4.8794   0.190687   11.35367 1.0000e-12      8.819      44.35     0.3294    92.0946     87.432      24.13 1.5018e-01    319.082 2.5427e+03  1.8315018  4.8656899  0.000e+00
     61.471     4.8799   0.190626   11.36262 1.0000e-12      8.819      44.40     0.3294    92.0946     87.432      24.13 1.5263e-01    318.975 2.5427e+03  1.8315018  4.8656899  0.000e+00
     61.471     4.8796   0.190596   11.35358 1.0000e-12      8.819      44.40     0.3294    92.0946     87.432      24.13 1.5995e-01    318.928 2.5445e+03  1.8315018  4.8656899  0.000e+00
     61.416     4.8794   0.190505   11.35236 1.0000e-12      8.819      44.40     0.3294    92.0946     87.354      24.13 1.6484e-01    318.777 2.5464e+03  1.8315018  4.8656899  0.000e+00
     61.362     4.8795   0.190445   11.35205 1.0000e-12      8.819      44.40     0.3294    92.0946     87.277      24.13 1.6117e-01    318.675 2.5464e+03  1.8315018  4.8656899  0.000e+00
     61.362     4.8796   0.190596   11.35175 1.0000e-12      8.819      44.47     0.3294    92.0946     87.277      24.13 1.6239e-01    318.928 2.5483e+03  1.8315018  4.8656899  0.000e+00
     61.362     4.8797   0.190535   11.34235 1.0000e-12      8.819      44.52     0.3306    92.0685     87.277      24.13 1.6117e-01    318.825 2.5502e+03  1.8315018  4.8656899  0.000e+00
     61.362     4.8791   0.190505   11.35028 1.0000e-12      8.819      44.52     0.3306    92.0685     87.277      24.13 1.5385e-01    318.781 2.5521e+03  1.8315018  4.8656899  0.000e+00
     61.299     4.8791   0.190505   11.34984 1.0000e-12      8.819      44.52     0.3294    92.0946     87.188      24.13 1.6728e-01    318.781 2.5539e+03  1.8315018  4.8656899  0.000e+00
     61.245     4.8796   0.190596   11.34015 1.0000e-12      8.819      44.52     0.3294    92.0946     87.110      24.13 1.8559e-01    318.927 2.5558e+03  1.8315018  4.8656899  0.000e+00
     61.299     4.8801   0.190535   11.33976 1.0000e-12      8.819      44.59     0.3306    92.0685     87.188      24.13 1.7094e-01    318.821 2.5577e+03  1.8315018  4.8656899  0.000e+00
     61.245     4.8802   0.190384   11.34839 1.0000e-12      8.819      44.62     0.3294    92.0946     87.110      24.13 1.5751e-01    318.566 2.5596e+03  1.8315018  4.8656899  0.000e+00
     61.245     4.8801   0.190687   11.34915 1.0000e-12      8.819      44.62     0.3294    92.0946     87.110      24.13 1.5629e-01    319.075 2.5614e+03  1.8315018  4.8656899  0.000e+00
     61.190     4.8793   0.190626   11.35006 1.0000e-12      8.819      44.62     0.3306    92.0685     87.033      24.13 1.5140e-01    318.982 2.5652e+03  1.8315018  4.8656899  0.000e+00
     61.190     4.8783   0.190626   11.35002 1.0000e-12      8.819      44.64     0.3306    92.0685     87.033      24.13 1.5018e-01    318.992 2.5671e+03  1.8315018  4.8656899  0.000e+00
     61.128     4.8785   0.190535   11.34948 1.0000e-12      8.819      44.71     0.3340    91.9901     86.944      24.13 1.5140e-01    318.838 2.5708e+03  1.8315018  4.8656899  0.000e+00
     61.128     4.8785   0.190323   11.34908 1.0000e-12      8.819      44.74     0.3340    91.9901     86.944      24.13 1.5140e-01    318.483 2.5727e+03  1.8302808  4.8656899  0.000e+00
     61.128     4.8788   0.190505   11.34849 1.0000e-12      8.819      44.74     0.3340    91.9901     86.944      24.13 1.5140e-01    318.784 2.5764e+03  1.8290598  4.8754579  0.000e+00
     61.073     4.8790   0.190596   11.34892 1.0000e-12      8.819      44.74     0.3340    91.9901     86.867      24.13 1.4896e-01    318.935 2.5783e+03  1.8290598  4.8852259  0.000e+00
     61.073     4.8793   0.190535   11.34938 1.0000e-12      8.819      44.74     0.3340    91.9901     86.867      24.13 1.5140e-01    318.830 2.5821e+03  1.8290598  4.8852259  0.000e+00
     61.073     4.8793   0.190687   11.34991 1.0000e-12      8.819      44.74     0.3340    91.9901     86.867      24.13 1.4652e-01    319.083 2.5840e+03  1.8290598  4.8852259  0.000e+00
     61.019     4.8796   0.190505   11.35032 1.0000e-12      8.819      44.74     0.3340    91.9901     86.789      24.13 1.4042e-01    318.776 2.5877e+03  1.8290598  4.8852259  0.000e+00
     61.019     4.8796   0.190596   11.35087 1.0000e-12      8.819      44.74     0.3340    91.9901     86.789      24.13 1.4042e-01    318.928 2.5915e+03  1.8290598  4.8852259  0.000e+00
     61.019     4.8791   0.190475   11.34146 1.0000e-12      8.819      44.74     0.3340    91.9901     86.789      24.13 1.4286e-01    318.730 2.5933e+03  1.8290598  4.8852259  0.000e+00
     60.956     4.8783   0.190475   11.34008 1.0000e-12      8.819      44.81     0.3340    91.9901     86.700      24.13 1.4408e-01    318.738 2.5971e+03  1.8290598  4.8852259  0.000e+00
     60.902     4.8775   0.190445   11.34776 1.0000e-12      8.819      44.91     0.3340    91.9901     86.623      24.13 1.5018e-01    318.696 2.6008e+03  1.8290598  4.8852259  0.000e+00
     60.902     4.8763   0.190535   11.34758 1.0000e-12      8.819      44.91     0.3340    91.9901     86.623      24.13 1.4530e-01    318.861 2.6046e+03  1.8290598  4.8852259  0.000e+00
     60.902     4.8755   0.190626   11.34723 1.0000e-12      8.819      44.91     0.3340    91.9901     86.623      24.13 1.4042e-01    319.022 2.6083e+03  1.8290598  4.8754579  0.000e+00
     60.902     4.8752   0.190535   11.35682 1.0000e-12      8.819      44.91     0.3340    91.9901     86.623      24.13 1.3797e-01    318.873 2.6121e+03  1.8290598  4.8852259  0.000e+00
     60.847     4.8754   0.190445   11.35918 1.0000e-12      8.819      44.98     0.3340    91.9901     86.545      24.13 1.3797e-01    318.719 2.6159e+03  1.8290598  4.8852259  0.000e+00
     60.847     4.8777   0.190535   11.35080 1.0000e-12      8.819      45.05     0.3340    91.9901     86.545      24.13 1.5140e-01    318.847 2.6196e+03  1.8290598  4.8852259  0.000e+00
     60.785     4.8787   0.190596   11.35078 1.0000e-12      8.819      45.05     0.3340    91.9901     86.457      24.13 1.6850e-01    318.937 2.6234e+03  1.8290598  4.8852259  0.000e+00
     60.785     4.8782   0.190535   11.35026 1.0000e-12      8.819      45.05     0.3340    91.9901     86.457      24.13 1.6361e-01    318.842 2.6290e+03  1.8290598  4.8852259  0.000e+00
     60.730     4.8791   0.190626   11.34915 1.0000e-12      8.819      45.05     0.3340    91.9901     86.379      24.13 1.4530e-01    318.984 2.6327e+03  1.8290598  4.8852259  0.000e+00
     60.785     4.8812   0.190596   11.34887 1.0000e-12      8.819      45.13     0.3340    91.9901     86.457      24.13 1.3797e-01    318.911 2.6365e+03  1.8290598  4.8852259  0.000e+00
     60.676     4.8820   0.190626   11.34769 1.0000e-12      8.819      45.15     0.3317    92.0424     86.301      24.13 1.5263e-01    318.953 2.6403e+03  1.8290598  4.8852259  0.000e+00
     60.730     4.8820   0.190657   11.34693 1.0000e-12      8.819      45.18     0.3306    92.0685     86.379      24.13 1.8926e-01    319.003 2.6459e+03  1.8290598  4.8852259  0.000e+00
     60.676     4.8823   0.190748   11.34698 1.0000e-12      8.819      45.18     0.3306    92.0685     86.301      24.13 1.9170e-01    319.153 2.6496e+03  1.8290598  4.8852259  0.000e+00
     60.621     4.8851   0.190808   11.34622 1.0000e-12      8.819      45.20     0.3317    92.0424     86.224      24.13 1.8559e-01    319.224 2.6534e+03  1.8290598  4.8754579  0.000e+00
     60.676     4.8873   0.190687   11.34689 1.0000e-12      8.819      45.30     0.3317    92.0424     86.301      24.13 1.6972e-01    318.998 2.6590e+03  1.8290598  4.8852259  0.000e+00
     60.621     4.8879   0.190717   11.35591 1.0000e-12      8.819      45.35     0.3317    92.0424     86.224      24.13 1.5995e-01    319.042 2.6628e+03  1.8290598  4.8852259  0.000e+00
     60.559     4.8886   0.190657   11.35579 1.0000e-12      8.819      45.35     0.3317    92.0424     86.135      24.13 1.5629e-01    318.933 2.6684e+03  1.8290598  4.8852259  0.000e+00
     60.559     4.8892   0.190535   11.34664 1.0000e-12      8.819      45.35     0.3317    92.0424     86.135      24.13 1.5140e-01    318.724 2.6722e+03  1.8290598  4.8852259  0.000e+00
     60.559     4.8896   0.190717   11.34658 1.0000e-12      8.819      45.37     0.3317    92.0424     86.135      24.13 1.4652e-01    319.024 2.6778e+03  1.8290598  4.8852259  0.000e+00
     60.504     4.8905   0.190748   11.34632 1.0000e-12      8.819      45.42     0.3306    92.0685     86.058      24.13 1.4652e-01    319.065 2.6815e+03  1.8290598  4.8852259  0.000e+00
     60.559     4.8917   0.190566   11.35515 1.0000e-12      8.819      45.45     0.3317    92.0424     86.135      24.13 1.4286e-01    318.748 2.6872e+03  1.8290598  4.8852259  0.000e+00
     60.450     4.8925   0.190596   11.34677 1.0000e-12      8.819      45.45     0.3317    92.0424     85.980      24.13 1.4530e-01    318.790 2.6909e+03  1.8290598  4.8754579  0.000e+00
     60.450     4.8939   0.190748   11.34527 1.0000e-12      8.819      45.45     0.3317    92.0424     85.980      24.13 1.5018e-01    319.029 2.6965e+03  1.8290598  4.8852259  0.000e+00
     60.450     4.8950   0.190566   11.34386 1.0000e-12      8.819      45.49     0.3317    92.0424     85.980      24.13 1.5751e-01    318.713 2.7003e+03  1.8290598  4.8852259  0.000e+00
     60.450     4.8961   0.190687   11.34346 1.0000e-12      8.819      45.54     0.3317    92.0424     85.980      24.13 1.5873e-01    318.904 2.7059e+03  1.8290598  4.8852259  0.000e+00
     60.388     4.8972   0.190839   11.34404 1.0000e-12      8.819      45.54     0.3317    92.0424     85.891      24.13 1.6239e-01    319.145 2.7097e+03  1.8290598  4.8852259  0.000e+00
     60.333     4.8978   0.190717   11.34376 1.0000e-12      8.819      45.54     0.3317    92.0424     85.814      24.13 1.6361e-01    318.936 2.7153e+03  1.8290598  4.8852259  0.000e+00
     60.388     4.8985   0.190596   11.35269 1.0000e-12      8.819      45.54     0.3317    92.0424     85.891      24.13 1.5751e-01    318.726 2.7191e+03  1.8290598  4.8852259  0.000e+00
