uploads/sample.cnv
* Sea-Bird SBE 9 Data File:
* FileName = C:\Data\2012 Data\Summer Survey 2012\Ontario\ON12.hex
* Software Version Seasave V 7.21f
* Temperature SN = 5394
* Conductivity SN = 3828
* Number of Bytes Per Scan = 34
* Number of Voltage Words = 5
* Number of Scans Averaged by the Deck Unit = 1
* NMEA Latitude = 43 30.18 N
* NMEA Longitude = 079 21.19 W
* NMEA UTC (Time) = Aug 12 2012  16:03:59
* NMEA baud rate = 4800
** Ship: Lake Guardian
** Cruise: Summer Survey 2012
** Station:  ON12
# nquan = 17
# nvalues = 20191                                 
# units = specified
# name 0 = depFM: Depth [fresh water, m]
# name 1 = t090C: Temperature [ITS-90, deg C]
# name 2 = c0mS/cm: Conductivity [mS/cm]
# name 3 = sbeox0Mg/L: Oxygen, SBE 43 [mg/l]
# name 4 = par: PAR/Irradiance, Biospherical/Licor
# name 5 = ph: pH
# name 6 = altM: Altimeter [m]
# name 7 = bat: Beam Attenuation, Chelsea/Seatech [1/m]
# name 8 = xmiss: Beam Transmission, Chelsea/Seatech [%]
# name 9 = prDE: Pressure, Digiquartz [psi]
# name 10 = ptempC: Pressure Temperature [deg C]
# name 11 = flSP: Fluorescence, Seapoint
# name 12 = specc: Specific Conductance [uS/cm]
# name 13 = spar: SPAR/Surface Irradiance
# name 14 = upoly0: Upoly 0, DO, mg/L Optode 4330FA
# name 15 = upoly1: Upoly 1, Temp, C Optode 4330FA
# name 16 = flag:  0.000e+00
# span 0 =      0.600,    102.903                 
# span 1 =     4.4475,    24.0553                 
# span 2 =  -0.003071,   0.291577                 
# span 3 =    5.76047,   11.80435                 
# span 4 = 1.0000e-12, 1.7143e+03                 
# span 5 =      5.307,      9.562                 
# span 6 =       0.00,     100.00                 
# span 7 =     0.2888,     4.0893                 
# span 8 =    35.9757,    93.0351                 
# span 9 =      0.853,    146.363                 
# span 10 =      23.65,      24.13                
# span 11 = 0.0000e+00, 3.1905e+00                
# span 12 =     -3.155,    321.065                
# span 13 = 1.2873e+03, 3.2970e+03                
# span 14 =  1.3369963,  1.8986569                
# span 15 =  4.4554335,  24.255189                
# span 16 = 0.0000e+00, 0.0000e+00                
# interval = seconds: 0.0416667
# start_time = Aug 12 2012 16:03:59 [NMEA time, header]
# bad_flag = -9.990e-29
*END*
[from data line 12937]
     75.270     4.5605   0.188960   11.05793 1.0000e-12      8.765      30.09     0.3170    92.3820    107.059      24.11 8.1807e-02    319.604 2.8392e+03  1.8778999  4.5140415  0.000e+00
     75.246     4.5599   0.189233   11.04866 1.0000e-12      8.765      30.13     0.3170    92.3820    107.025      24.11 7.9365e-02    320.071 2.8392e+03  1.8778999  4.5140415  0.000e+00
     75.215     4.5596   0.189263   11.05656 1.0000e-12      8.765      30.18     0.3170    92.3820    106.981      24.11 7.9365e-02    320.126 2.8392e+03  1.8778999  4.5140415  0.000e+00
     75.215     4.5593   0.189142   11.05631 1.0000e-12      8.765      30.18     0.3170    92.3820    106.981      24.11 7.8144e-02    319.925 2.8392e+03  1.8778999  4.5140415  0.000e+00
     75.184     4.5598   0.188990   11.05568 1.0000e-12      8.765      30.18     0.3170    92.3820    106.937      24.11 8.0586e-02    319.663 2.8392e+03  1.8778999  4.5140415  0.000e+00
     75.161     4.5603   0.188960   11.05497 1.0000e-12      8.765      30.18     0.3147    92.4342    106.903      24.11 8.1807e-02    319.607 2.8392e+03  1.8778999  4.5140415  0.000e+00
     75.161     4.5603   0.189172   11.06460 1.0000e-12      8.765      30.23     0.3090    92.5649    106.903      24.11 8.3028e-02    319.965 2.8392e+03  1.8778999  4.5238095  0.000e+00
     75.075     4.5606   0.189263   11.06474 1.0000e-12      8.765      30.26     0.3068    92.6171    106.781      24.11 8.7912e-02    320.116 2.8392e+03  1.8778999  4.5140415  0.000e+00
     75.161     4.5620   0.189263   11.05659 1.0000e-12      8.765      30.28     0.3068    92.6171    106.903      24.11 1.1233e-01    320.101 2.8392e+03  1.8778999  4.5238095  0.000e+00
     75.044     4.5631   0.189081   11.05631 1.0000e-12      8.765      30.26     0.3068    92.6171    106.737      24.11 1.1844e-01    319.781 2.8392e+03  1.8778999  4.5140415  0.000e+00
     75.098     4.5628   0.189203   11.06582 1.0000e-12      8.765      30.28     0.3068    92.6171    106.815      24.11 1.0745e-01    319.990 2.8392e+03  1.8778999  4.5140415  0.000e+00
     75.012     4.5632   0.189142   11.06670 1.0000e-12      8.765      30.35     0.3068    92.6171    106.693      24.11 1.0134e-01    319.882 2.8392e+03  1.8778999  4.5140415  0.000e+00
     75.044     4.5651   0.189142   11.06722 1.0000e-12      8.765      30.40     0.3068    92.6171    106.737      24.11 1.1233e-01    319.862 2.8392e+03  1.8778999  4.5140415  0.000e+00
     74.989     4.5662   0.189233   11.06776 1.0000e-12      8.765      30.40     0.3068    92.6171    106.659      24.11 1.0989e-01    320.004 2.8392e+03  1.8778999  4.5238095  0.000e+00
     75.012     4.5667   0.189354   11.06852 1.0000e-12      8.765      30.40     0.3068    92.6171    106.693      24.11 9.7680e-02    320.204 2.8392e+03  1.8778999  4.5140415  0.000e+00
     74.934     4.5672   0.189233   11.06906 1.0000e-12      8.765      30.40     0.3068    92.6171    106.582      24.11 8.9133e-02    319.993 2.8392e+03  1.8778999  4.5140415  0.000e+00
     74.989     4.5678   0.189051   11.05939 1.0000e-12      8.765      30.48     0.3079    92.5910    106.659      24.11 8.1807e-02    319.679 2.8392e+03  1.8778999  4.5140415  0.000e+00
     74.934     4.5698   0.189021   11.06630 1.0000e-12      8.765      30.50     0.3068    92.6171    106.582      24.11 7.5702e-02    319.606 2.8392e+03  1.8778999  4.5140415  0.000e+00
     74.903     4.5708   0.189081   11.06534 1.0000e-12      8.765      30.50     0.3068    92.6171    106.538      24.11 7.2039e-02    319.698 2.8392e+03  1.8778999  4.5140415  0.000e+00
     74.872     4.5712   0.189324   11.06438 1.0000e-12      8.765      30.50     0.3079    92.5910    106.493      24.11 7.3260e-02    320.103 2.8392e+03  1.8778999  4.5140415  0.000e+00
     74.872     4.5712   0.189233   11.06350 1.0000e-12      8.765      30.53     0.3068    92.6171    106.493      24.11 8.0586e-02    319.949 2.8410e+03  1.8778999  4.5140415  0.000e+00
     74.841     4.5733   0.189112   11.06292 1.0000e-12      8.765      30.57     0.3068    92.6171    106.449      24.11 8.5470e-02    319.722 2.8410e+03  1.8778999  4.5140415  0.000e+00
     74.818     4.5740   0.189021   11.06264 1.0000e-12      8.765      30.60     0.3068    92.6171    106.416      24.11 8.9133e-02    319.560 2.8410e+03  1.8778999  4.5238095  0.000e+00
     74.818     4.5731   0.189021   11.05369 1.0000e-12      8.765      30.60     0.3068    92.6171    106.416      24.11 8.6691e-02    319.570 2.8410e+03  1.8778999  4.5140415  0.000e+00
     74.818     4.5723   0.189081   11.05273 1.0000e-12      8.765      30.60     0.3068    92.6171    106.416      24.11 8.1807e-02    319.681 2.8410e+03  1.8778999  4.5140415  0.000e+00
     74.786     4.5720   0.189324   11.05153 1.0000e-12      8.765      30.65     0.3079    92.5910    106.371      24.11 7.9365e-02    320.094 2.8410e+03  1.8778999  4.5238095  0.000e+00
     74.763     4.5716   0.189233   11.05954 1.0000e-12      8.765      30.70     0.3079    92.5910    106.338      24.11 7.4481e-02    319.946 2.8392e+03  1.8778999  4.5140415  0.000e+00
     74.701     4.5714   0.189172   11.05920 1.0000e-12      8.765      30.70     0.3090    92.5649    106.249      24.11 7.0818e-02    319.845 2.8392e+03  1.8778999  4.5140415  0.000e+00
     74.646     4.5727   0.189051   11.05833 1.0000e-12      8.765      30.67     0.3090    92.5649    106.172      24.11 6.9597e-02    319.626 2.8392e+03  1.8778999  4.5238095  0.000e+00
     74.786     4.5728   0.189081   11.05801 1.0000e-12      8.765      30.67     0.3090    92.5649    106.371      24.11 7.3260e-02    319.676 2.8392e+03  1.8778999  4.5238095  0.000e+00
     74.646     4.5728   0.189203   11.05723 1.0000e-12      8.765      30.74     0.3090    92.5649    106.172      24.11 7.6923e-02    319.881 2.8392e+03  1.8778999  4.5140415  0.000e+00
     74.646     4.5731   0.189293   11.05647 1.0000e-12      8.765      30.79     0.3090    92.5649    106.172      24.11 1.0134e-01    320.032 2.8410e+03  1.8778999  4.5140415  0.000e+00
     74.615     4.5733   0.189263   11.05562 1.0000e-12      8.765      30.79     0.3090    92.5649    106.127      24.11 2.0879e-01    319.979 2.8410e+03  1.8778999  4.5140415  0.000e+00
     74.646     4.5744   0.189081   11.05449 1.0000e-12      8.765      30.79     0.3090    92.5649    106.172      24.11 2.6496e-01    319.659 2.8410e+03  1.8754579  4.5335775  0.000e+00
     74.592     4.5765   0.189081   11.05281 1.0000e-12      8.765      30.79     0.3090    92.5649    106.094      24.11 2.2711e-01    319.636 2.8392e+03  1.8742369  4.5433455  0.000e+00
     74.592     4.5780   0.189203   11.05244 1.0000e-12      8.765      30.89     0.3090    92.5649    106.094      24.11 1.8071e-01    319.825 2.8392e+03  1.8742369  4.5433455  0.000e+00
     74.560     4.5812   0.189263   11.05143 1.0000e-12      8.765      30.89     0.3079    92.5910    106.050      24.11 1.5018e-01    319.893 2.8392e+03  1.8742369  4.5433455  0.000e+00
     74.529     4.5855   0.189415   11.05003 1.0000e-12      8.765      30.89     0.3090    92.5649    106.005      24.11 1.2821e-01    320.102 2.8392e+03  1.8742369  4.5335775  0.000e+00
     74.420     4.5866   0.189293   11.04949 1.0000e-12      8.765      30.89     0.3090    92.5649    105.850      24.11 1.1355e-01    319.885 2.8392e+03  1.8742369  4.5433455  0.000e+00
     74.560     4.5855   0.189263   11.04995 1.0000e-12      8.765      30.94     0.3090    92.5649    106.050      24.11 1.0012e-01    319.846 2.8392e+03  1.8742369  4.5433455  0.000e+00
     74.475     4.5840   0.189263   11.05018 1.0000e-12      8.765      30.99     0.3090    92.5649    105.928      24.11 9.1575e-02    319.863 2.8392e+03  1.8742369  4.5433455  0.000e+00
     74.475     4.5843   0.189172   11.04991 1.0000e-12      8.765      30.99     0.3090    92.5649    105.928      24.11 8.5470e-02    319.706 2.8392e+03  1.8742369  4.5335775  0.000e+00
     74.420     4.5857   0.189233   11.04918 1.0000e-12      8.765      30.99     0.3079    92.5910    105.850      24.11 8.1807e-02    319.793 2.8392e+03  1.8742369  4.5433455  0.000e+00
     74.443     4.5880   0.189354   11.04709 1.0000e-12      8.765      30.99     0.3090    92.5649    105.883      24.11 8.9133e-02    319.972 2.8392e+03  1.8742369  4.5433455  0.000e+00
     74.358     4.5904   0.189415   11.04479 1.0000e-12      8.765      31.04     0.3090    92.5649    105.761      24.11 9.8901e-02    320.049 2.8392e+03  1.8742369  4.5433455  0.000e+00
     74.420     4.5915   0.189233   11.04410 1.0000e-12      8.765      31.09     0.3090    92.5649    105.850      24.11 1.1355e-01    319.730 2.8392e+03  1.8742369  4.5335775  0.000e+00
     74.303     4.5921   0.189051   11.04436 1.0000e-12      8.765      31.09     0.3045    92.6694    105.684      24.11 1.1844e-01    319.416 2.8392e+03  1.8742369  4.5433455  0.000e+00
     74.334     4.5930   0.189112   11.05389 1.0000e-12      8.765      31.09     0.3011    92.7478    105.728      24.11 1.0745e-01    319.509 2.8392e+03  1.8742369  4.5433455  0.000e+00
     74.358     4.5931   0.189263   11.05443 1.0000e-12      8.765      31.09     0.3011    92.7478    105.761      24.11 1.0134e-01    319.764 2.8392e+03  1.8742369  4.5433455  0.000e+00
     74.303     4.5924   0.189475   11.05498 1.0000e-12      8.765      31.14     0.3011    92.7478    105.684      24.11 1.0256e-01    320.129 2.8392e+03  1.8742369  4.5433455  0.000e+00
     74.272     4.5915   0.189324   11.06365 1.0000e-12      8.765      31.18     0.3023    92.7216    105.640      24.11 9.8901e-02    319.884 2.8392e+03  1.8742369  4.5433455  0.000e+00
     74.249     4.5918   0.189172   11.06476 1.0000e-12      8.765      31.21     0.3023    92.7216    105.606      24.11 9.0354e-02    319.624 2.8392e+03  1.8742369  4.5433455  0.000e+00
     74.249     4.5940   0.189354   11.06517 1.0000e-12      8.765      31.21     0.3023    92.7216    105.606      24.11 8.1807e-02    319.908 2.8392e+03  1.8742369  4.5433455  0.000e+00
     74.186     4.5951   0.189293   11.05655 1.0000e-12      8.765      31.21     0.3011    92.7478    105.518      24.11 7.5702e-02    319.794 2.8410e+03  1.8742369  4.5335775  0.000e+00
     74.217     4.5954   0.189263   11.05632 1.0000e-12      8.765      31.28     0.3023    92.7216    105.562      24.11 7.2039e-02    319.739 2.8392e+03  1.8742369  4.5433455  0.000e+00
     74.186     4.5952   0.189415   11.06631 1.0000e-12      8.765      31.31     0.3023    92.7216    105.518      24.11 6.9597e-02    319.997 2.8410e+03  1.8742369  4.5433455  0.000e+00
     74.186     4.5945   0.189293   11.06837 1.0000e-12      8.765      31.33     0.3023    92.7216    105.518      24.11 7.4481e-02    319.801 2.8392e+03  1.8742369  4.5433455  0.000e+00
     74.132     4.5918   0.189263   11.06059 1.0000e-12      8.765      31.31     0.3023    92.7216    105.440      24.11 9.1575e-02    319.778 2.8392e+03  1.8742369  4.5335775  0.000e+00
     74.100     4.5923   0.189142   11.05987 1.0000e-12      8.765      31.31     0.3011    92.7478    105.396      24.11 9.8901e-02    319.568 2.8392e+03  1.8742369  4.5433455  0.000e+00
     74.132     4.5926   0.189203   11.06030 1.0000e-12      8.765      31.38     0.3023    92.7216    105.440      24.11 9.1575e-02    319.667 2.8392e+03  1.8742369  4.5433455  0.000e+00
     74.077     4.5935   0.189415   11.06037 1.0000e-12      8.765      31.40     0.3023    92.7216    105.362      24.11 8.4249e-02    320.016 2.8392e+03  1.8742369  4.5433455  0.000e+00
     74.046     4.5949   0.189506   11.06027 1.0000e-12      8.765      31.40     0.3023    92.7216    105.318      24.11 9.1575e-02    320.154 2.8392e+03  1.8742369  4.5433455  0.000e+00
     74.015     4.5957   0.189475   11.06948 1.0000e-12      8.765      31.40     0.3011    92.7478    105.274      24.11 9.6459e-02    320.094 2.8392e+03  1.8742369  4.5433455  0.000e+00
     74.015     4.5964   0.189293   11.07062 1.0000e-12      8.765      31.43     0.3023    92.7216    105.274      24.11 9.0354e-02    319.780 2.8392e+03  1.8742369  4.5433455  0.000e+00
     74.015     4.5973   0.189354   11.07155 1.0000e-12      8.765      31.48     0.3023    92.7216    105.274      24.11 8.4249e-02    319.872 2.8392e+03  1.8742369  4.5433455  0.000e+00
     73.991     4.5985   0.189293   11.06202 1.0000e-12      8.765      31.50     0.3023    92.7216    105.240      24.11 8.4249e-02    319.756 2.8392e+03  1.8742369  4.5433455  0.000e+00
     73.960     4.6003   0.189415   11.06143 1.0000e-12      8.765      31.50     0.3068    92.6171    105.196      24.11 8.1807e-02    319.942 2.8392e+03  1.8742369  4.5433455  0.000e+00
     73.906     4.6013   0.189415   11.06097 1.0000e-12      8.765      31.50     0.3113    92.5126    105.118      24.11 7.8144e-02    319.931 2.8392e+03  1.8742369  4.5433455  0.000e+00
     73.960     4.6020   0.189415   11.06992 1.0000e-12      8.765      31.53     0.3113    92.5126    105.196      24.11 7.4481e-02    319.924 2.8392e+03  1.8742369  4.5433455  0.000e+00
     73.874     4.6018   0.189415   11.07073 1.0000e-12      8.765      31.58     0.3113    92.5126    105.074      24.11 7.2039e-02    319.926 2.8392e+03  1.8742369  4.5433455  0.000e+00
     73.906     4.6015   0.189233   11.07167 1.0000e-12      8.765      31.60     0.3113    92.5126    105.118      24.11 7.3260e-02    319.622 2.8392e+03  1.8742369  4.5433455  0.000e+00
     73.843     4.6013   0.189233   11.07234 1.0000e-12      8.765      31.60     0.3113    92.5126    105.030      24.11 7.2039e-02    319.624 2.8392e+03  1.8742369  4.5433455  0.000e+00
     73.843     4.6013   0.189354   11.07185 1.0000e-12      8.765      31.60     0.3113    92.5126    105.030      24.11 7.0818e-02    319.828 2.8392e+03  1.8742369  4.5433455  0.000e+00
     73.820     4.6018   0.189566   11.07104 1.0000e-12      8.765      31.65     0.3113    92.5126    104.997      24.11 6.9597e-02    320.182 2.8392e+03  1.8742369  4.5433455  0.000e+00
     73.789     4.6021   0.189445   11.07015 1.0000e-12      8.765      31.70     0.3113    92.5126    104.952      24.11 7.2039e-02    319.973 2.8392e+03  1.8742369  4.5433455  0.000e+00
     73.789     4.6017   0.189324   11.07053 1.0000e-12      8.765      31.70     0.3113    92.5126    104.952      24.11 7.8144e-02    319.774 2.8392e+03  1.8742369  4.5433455  0.000e+00
     73.758     4.6009   0.189263   11.07085 1.0000e-12      8.765      31.70     0.3113    92.5126    104.908      24.11 8.4249e-02    319.679 2.8392e+03  1.8742369  4.5335775  0.000e+00
     73.734     4.6009   0.189293   11.07086 1.0000e-12      8.765      31.70     0.3113    92.5126    104.875      24.11 8.7912e-02    319.731 2.8392e+03  1.8742369  4.5433455  0.000e+00
     73.734     4.6021   0.189384   11.07043 1.0000e-12      8.765      31.70     0.3113    92.5126    104.875      24.11 8.9133e-02    319.871 2.8392e+03  1.8742369  4.5433455  0.000e+00
     73.672     4.6021   0.189445   11.07021 1.0000e-12      8.765      31.70     0.3113    92.5126    104.786      24.11 8.7912e-02    319.973 2.8392e+03  1.8742369  4.5433455  0.000e+00
     73.648     4.6026   0.189354   11.07896 1.0000e-12      8.765      31.67     0.3113    92.5126    104.753      24.11 8.4249e-02    319.815 2.8392e+03  1.8742369  4.5433455  0.000e+00
     73.672     4.6028   0.189263   11.07966 1.0000e-12      8.765      31.70     0.3113    92.5126    104.786      24.11 8.1807e-02    319.659 2.8392e+03  1.8754579  4.5531136  0.000e+00
     73.617     4.6047   0.189263   11.07040 1.0000e-12      8.765      31.70     0.3113    92.5126    104.708      24.11 7.8144e-02    319.639 2.8392e+03  1.8754579  4.5531136  0.000e+00
     73.617     4.6065   0.189354   11.06924 1.0000e-12      8.765      31.77     0.3113    92.5126    104.708      24.11 7.5702e-02    319.772 2.8392e+03  1.8754579  4.5531136  0.000e+00
