uploads/sample.cnv
* Sea-Bird SBE 9 Data File:
* FileName = C:\Data\2012 Data\Summer Survey 2012\Ontario\ON12.hex
* Software Version Seasave V 7.21f
* Temperature SN = 5394
* Conductivity SN = 3828
* Number of Bytes Per Scan = 34
* Number of Voltage Words = 5
* Number of Scans Averaged by the Deck Unit = 1
* NMEA Latitude = 43 30.18 N
* NMEA Longitude = 079 21.19 W
* NMEA UTC (Time) = Aug 12 2012  16:03:59
* NMEA baud rate = 4800
** Ship: Lake Guardian
** Cruise: Summer Survey 2012
** Station:  ON12
# nquan = 17
# nvalues = 20191                                 
# units = specified
# name 0 = depFM: Depth [fresh water, m]
# name 1 = t090C: Temperature [ITS-90, deg C]
# name 2 = c0mS/cm: Conductivity [mS/cm]
# name 3 = sbeox0Mg/L: Oxygen, SBE 43 [mg/l]
# name 4 = par: PAR/Irradiance, Biospherical/Licor
# name 5 = ph: pH
# name 6 = altM: Altimeter [m]
# name 7 = bat: Beam Attenuation, Chelsea/Seatech [1/m]
# name 8 = xmiss: Beam Transmission, Chelsea/Seatech [%]
# name 9 = prDE: Pressure, Digiquartz [psi]
# name 10 = ptempC: Pressure Temperature [deg C]
# name 11 = flSP: Fluorescence, Seapoint
# name 12 = specc: Specific Conductance [uS/cm]
# name 13 = spar: SPAR/Surface Irradiance
# name 14 = upoly0: Upoly 0, DO, mg/L Optode 4330FA
# name 15 = upoly1: Upoly 1, Temp, C Optode 4330FA
# name 16 = flag:  0.000e+00
# span 0 =      0.600,    102.903                 
# span 1 =     4.4475,    24.0553                 
# span 2 =  -0.003071,   0.291577                 
# span 3 =    5.76047,   11.80435                 
# span 4 = 1.0000e-12, 1.7143e+03                 
# span 5 =      5.307,      9.562                 
# span 6 =       0.00,     100.00                 
# span 7 =     0.2888,     4.0893                 
# span 8 =    35.9757,    93.0351                 
# span 9 =      0.853,    146.363                 
# span 10 =      23.65,      24.13                
# span 11 = 0.0000e+00, 3.1905e+00                
# span 12 =     -3.155,    321.065                
# span 13 = 1.2873e+03, 3.2970e+03                
# span 14 =  1.3369963,  1.8986569                
# span 15 =  4.4554335,  24.255189                
# span 16 = 0.0000e+00, 0.0000e+00                
# interval = seconds: 0.0416667
# start_time = Aug 12 2012 16:03:59 [NMEA time, header]
# bad_flag = -9.990e-29
*END*
[from data line 19490]
      3.254    22.1493   0.285459    8.76320 4.9747e+02      9.525      98.56     1.0594    76.7324      4.629      24.11 8.3028e-01    302.683 1.7789e+03  1.3626374  21.998779  0.000e+00
      3.192    22.1542   0.285580    8.76239 4.9607e+02      9.525      98.56     1.0607    76.7063      4.540      24.11 8.5592e-01    302.781 1.7789e+03  1.3626374  21.998779  0.000e+00
      3.231    22.1619   0.285824    8.76080 4.9191e+02      9.524      98.56     1.0607    76.7063      4.596      24.11 8.6447e-01    302.990 1.7789e+03  1.3626374  21.998779  0.000e+00
      3.138    22.1668   0.285702    8.75954 4.9191e+02      9.524      98.58     1.0607    76.7063      4.463      24.11 8.4982e-01    302.830 1.7789e+03  1.3626374  21.998779  0.000e+00
      3.138    22.1685   0.285702    8.75888 4.9607e+02      9.524      98.58     1.0607    76.7063      4.463      24.11 8.2906e-01    302.818 1.7771e+03  1.3626374  21.998779  0.000e+00
      3.138    22.1699   0.285732    8.75823 5.0879e+02      9.524      98.58     1.0607    76.7063      4.463      24.11 8.0098e-01    302.842 1.7771e+03  1.3626374  21.998779  0.000e+00
      3.138    22.1696   0.285702    8.75814 5.1455e+02      9.524      98.58     1.0607    76.7063      4.463      24.11 7.6923e-01    302.812 1.7771e+03  1.3626374  21.998779  0.000e+00
      3.060    22.1635   0.285763    8.75897 5.1745e+02      9.524      98.58     1.0607    76.7063      4.352      24.11 7.5458e-01    302.915 1.7771e+03  1.3626374  21.998779  0.000e+00
      3.083    22.1626   0.285732    8.76448 5.3822e+02      9.524      98.56     1.0607    76.7063      4.385      24.11 7.5458e-01    302.889 1.7771e+03  1.3626374  22.037851  0.000e+00
      3.021    22.1677   0.285641    8.75790 5.5047e+02      9.524      98.58     1.0594    76.7324      4.297      24.11 7.5458e-01    302.759 1.7752e+03  1.3626374  22.057387  0.000e+00
      3.021    22.1703   0.285732    8.75706 5.5047e+02      9.524      98.56     1.0607    76.7063      4.297      24.11 7.4481e-01    302.839 1.7752e+03  1.3626374  22.057387  0.000e+00
      2.966    22.1708   0.285732    8.76207 5.6141e+02      9.524      98.58     1.0607    76.7063      4.219      24.11 7.2283e-01    302.836 1.7752e+03  1.3626374  22.057387  0.000e+00
      3.005    22.1725   0.285702    8.76130 5.6936e+02      9.524      98.56     1.0607    76.7063      4.274      24.11 6.9719e-01    302.792 1.7733e+03  1.3638584  22.057387  0.000e+00
      2.912    22.1730   0.285885    8.76086 5.6936e+02      9.524      98.58     1.0607    76.7063      4.142      24.11 6.8498e-01    302.983 1.7733e+03  1.3626374  22.057387  0.000e+00
      2.912    22.1727   0.285824    8.75503 5.8890e+02      9.524      98.58     1.0607    76.7063      4.142      24.11 6.8132e-01    302.920 1.7714e+03  1.3626374  22.057387  0.000e+00
      2.912    22.1736   0.285672    8.75422 6.0570e+02      9.524      98.56     1.0607    76.7063      4.142      24.11 6.8742e-01    302.754 1.7714e+03  1.3626374  22.057387  0.000e+00
      2.888    22.1727   0.285824    8.75364 6.0740e+02      9.524      98.58     1.0607    76.7063      4.108      24.11 6.9109e-01    302.920 1.7714e+03  1.3626374  22.057387  0.000e+00
      2.850    22.1722   0.285885    8.75324 6.0911e+02      9.524      98.58     1.0607    76.7063      4.053      24.11 6.8132e-01    302.988 1.7695e+03  1.3626374  22.057387  0.000e+00
      2.850    22.1746   0.285793    8.75231 6.1255e+02      9.524      98.58     1.0594    76.7324      4.053      24.11 6.7766e-01    302.876 1.7695e+03  1.3638584  22.057387  0.000e+00
      2.850    22.1758   0.285793    8.75156 6.1427e+02      9.524      98.58     1.0607    76.7063      4.053      24.11 6.8742e-01    302.868 1.7695e+03  1.3626374  22.057387  0.000e+00
      2.795    22.1746   0.285793    8.75117 6.0400e+02      9.524      98.58     1.0607    76.7063      3.976      24.11 6.8498e-01    302.876 1.7677e+03  1.3626374  22.057387  0.000e+00
      2.772    22.1745   0.285611    8.75646 5.9389e+02      9.524      98.56     1.0648    76.6279      3.942      24.11 6.7643e-01    302.683 1.7677e+03  1.3626374  22.057387  0.000e+00
      2.741    22.1743   0.285854    8.75054 5.8890e+02      9.524      98.56     1.0689    76.5496      3.898      24.11 6.7155e-01    302.942 1.7677e+03  1.3626374  22.057387  0.000e+00
      2.741    22.1729   0.285763    8.75013 5.9389e+02      9.524      98.56     1.0689    76.5496      3.898      24.11 6.6422e-01    302.855 1.7677e+03  1.3626374  22.057387  0.000e+00
      2.741    22.1718   0.285702    8.74993 6.0061e+02      9.524      98.58     1.0689    76.5496      3.898      24.11 6.6056e-01    302.797 1.7658e+03  1.3626374  22.057387  0.000e+00
      2.717    22.1748   0.285885    8.74893 6.0230e+02      9.524      98.58     1.0676    76.5757      3.865      24.11 6.6300e-01    302.972 1.7658e+03  1.3626374  22.057387  0.000e+00
      2.686    22.1758   0.285641    8.74300 6.0230e+02      9.524      98.56     1.0689    76.5496      3.821      24.11 6.6667e-01    302.707 1.7639e+03  1.3626374  22.057387  0.000e+00
      2.624    22.1769   0.285672    8.74231 5.9892e+02      9.524      98.58     1.0676    76.5757      3.732      24.11 6.6422e-01    302.732 1.7639e+03  1.3626374  22.057387  0.000e+00
      2.686    22.1771   0.285732    8.74190 5.9892e+02      9.524      98.58     1.0689    76.5496      3.821      24.11 6.7399e-01    302.796 1.7639e+03  1.3626374  22.057387  0.000e+00
      2.624    22.1757   0.285641    8.74723 5.9892e+02      9.524      98.56     1.0689    76.5496      3.732      24.11 6.7399e-01    302.708 1.7620e+03  1.3626374  22.057387  0.000e+00
      2.600    22.1760   0.285732    8.74142 6.0061e+02      9.524      98.58     1.0676    76.5757      3.699      24.11 6.7155e-01    302.802 1.7620e+03  1.3626374  22.057387  0.000e+00
      2.624    22.1778   0.285793    8.74623 6.0230e+02      9.524      98.56     1.0689    76.5496      3.732      24.11 6.5568e-01    302.855 1.7620e+03  1.3626374  22.057387  0.000e+00
      2.569    22.1793   0.285793    8.75130 6.0570e+02      9.524      98.58     1.0689    76.5496      3.654      24.11 6.4347e-01    302.845 1.7602e+03  1.3638584  22.057387  0.000e+00
      2.515    22.1781   0.285732    8.75158 6.3535e+02      9.524      98.58     1.0676    76.5757      3.577      24.11 6.4103e-01    302.789 1.7602e+03  1.3626374  22.057387  0.000e+00
      2.546    22.1786   0.285824    8.75161 6.5347e+02      9.524      98.56     1.0689    76.5496      3.621      24.11 6.3736e-01    302.882 1.7583e+03  1.3626374  22.057387  0.000e+00
      2.515    22.1783   0.285732    8.75202 6.5531e+02      9.520      98.56     1.0689    76.5496      3.577      24.11 6.3858e-01    302.788 1.7583e+03  1.3626374  22.057387  0.000e+00
      2.453    22.1786   0.285824    8.75194 6.4981e+02      9.524      98.58     1.0676    76.5757      3.488      24.11 6.4835e-01    302.882 1.7583e+03  1.3626374  22.057387  0.000e+00
      2.453    22.1788   0.285793    8.75193 6.4798e+02      9.524      98.56     1.0689    76.5496      3.488      24.11 6.4591e-01    302.849 1.7564e+03  1.3638584  22.057387  0.000e+00
      2.429    22.1788   0.285793    8.75190 6.4798e+02      9.520      98.56     1.0689    76.5496      3.455      24.11 6.3614e-01    302.849 1.7564e+03  1.3626374  22.057387  0.000e+00
      2.453    22.1791   0.285672    8.75185 6.8162e+02      9.520      98.56     1.0689    76.5496      3.488      24.11 6.2759e-01    302.718 1.7564e+03  1.3626374  22.057387  0.000e+00
      2.398    22.1794   0.285793    8.75169 7.1701e+02      9.524      98.58     1.0689    76.5496      3.411      24.11 6.2027e-01    302.845 1.7564e+03  1.3638584  22.057387  0.000e+00
      2.453    22.1797   0.285763    8.75719 7.2512e+02      9.524      98.58     1.0730    76.4712      3.488      24.11 6.1783e-01    302.811 1.7545e+03  1.3626374  22.057387  0.000e+00
      2.398    22.1797   0.285641    8.75176 7.2309e+02      9.524      98.58     1.0799    76.3406      3.411      24.11 6.2393e-01    302.682 1.7545e+03  1.3626374  22.057387  0.000e+00
      2.429    22.1788   0.285793    8.75737 7.2512e+02      9.524      98.58     1.0812    76.3144      3.455      24.11 6.4713e-01    302.849 1.7545e+03  1.3638584  22.057387  0.000e+00
      2.344    22.1778   0.285793    8.75791 7.2512e+02      9.524      98.58     1.0812    76.3144      3.333      24.11 6.5324e-01    302.856 1.7527e+03  1.3626374  22.057387  0.000e+00
      2.398    22.1785   0.285854    8.75794 7.2512e+02      9.524      98.56     1.0799    76.3406      3.411      24.11 6.7155e-01    302.916 1.7527e+03  1.3626374  22.057387  0.000e+00
      2.344    22.1790   0.285793    8.75785 7.2512e+02      9.524      98.56     1.0799    76.3406      3.333      24.11 7.0574e-01    302.848 1.7527e+03  1.3626374  22.057387  0.000e+00
      2.320    22.1790   0.285611    8.75817 7.2512e+02      9.524      98.56     1.0799    76.3406      3.300      24.11 7.1429e-01    302.654 1.7508e+03  1.3626374  22.057387  0.000e+00
      2.344    22.1783   0.285915    8.76419 7.2309e+02      9.524      98.56     1.0799    76.3406      3.333      24.11 7.1184e-01    302.981 1.7508e+03  1.3626374  22.057387  0.000e+00
      2.281    22.1772   0.285854    8.76490 7.1299e+02      9.524      98.56     1.0799    76.3406      3.245      24.11 7.3016e-01    302.924 1.7508e+03  1.3638584  22.057387  0.000e+00
      2.281    22.1782   0.285854    8.76526 7.0899e+02      9.524      98.56     1.0799    76.3406      3.245      24.11 7.3748e-01    302.918 1.7508e+03  1.3626374  22.057387  0.000e+00
      2.258    22.1785   0.285885    8.76569 7.1099e+02      9.524      98.58     1.0799    76.3406      3.212      24.11 7.0940e-01    302.948 1.7489e+03  1.3626374  22.057387  0.000e+00
      2.281    22.1790   0.285732    8.76608 7.1500e+02      9.524      98.58     1.0799    76.3406      3.245      24.11 6.7766e-01    302.783 1.7489e+03  1.3626374  22.057387  0.000e+00
      2.227    22.1791   0.285702    8.76642 7.1701e+02      9.524      98.56     1.0799    76.3406      3.167      24.11 6.7521e-01    302.750 1.7489e+03  1.3626374  22.057387  0.000e+00
      2.227    22.1791   0.285763    8.76680 7.1903e+02      9.524      98.58     1.0799    76.3406      3.167      24.11 6.8254e-01    302.815 1.7489e+03  1.3626374  22.057387  0.000e+00
      2.227    22.1807   0.285885    8.76686 7.5001e+02      9.520      98.56     1.0799    76.3406      3.167      24.11 6.9109e-01    302.933 1.7489e+03  1.3626374  22.057387  0.000e+00
      2.149    22.1832   0.285824    8.76664 7.6492e+02      9.520      98.58     1.0799    76.3406      3.057      24.11 6.7277e-01    302.853 1.7470e+03  1.3626374  22.067155  0.000e+00
      2.227    22.1847   0.285793    8.76703 7.6492e+02      9.520      98.58     1.0812    76.3144      3.167      24.11 6.5568e-01    302.811 1.7470e+03  1.3614164  22.076923  0.000e+00
      2.110    22.1863   0.285793    8.76687 7.6063e+02      9.520      98.58     1.0799    76.3406      3.001      24.11 6.5079e-01    302.801 1.7470e+03  1.3614164  22.076923  0.000e+00
      2.172    22.1866   0.285885    8.76708 7.5849e+02      9.520      98.56     1.0799    76.3406      3.090      24.11 6.5324e-01    302.895 1.7470e+03  1.3614164  22.076923  0.000e+00
      2.087    22.1872   0.285854    8.76738 7.5849e+02      9.520      98.58     1.0812    76.3144      2.968      24.11 6.4591e-01    302.860 1.7470e+03  1.3614164  22.076923  0.000e+00
      2.110    22.1868   0.285793    8.76794 7.6277e+02      9.520      98.58     1.0812    76.3144      3.001      24.11 6.4713e-01    302.798 1.7470e+03  1.3614164  22.076923  0.000e+00
      2.056    22.1865   0.285732    8.76838 7.7140e+02      9.520      98.56     1.0840    76.2622      2.924      24.11 6.6545e-01    302.735 1.7470e+03  1.3614164  22.076923  0.000e+00
      2.056    22.1870   0.285763    8.76281 7.7140e+02      9.515      98.56     1.0853    76.2360      2.924      24.11 6.9353e-01    302.764 1.7470e+03  1.3614164  22.076923  0.000e+00
      2.032    22.1874   0.285885    8.76249 8.1144e+02      9.515      98.56     1.0853    76.2360      2.890      24.11 7.0574e-01    302.891 1.7452e+03  1.3614164  22.076923  0.000e+00
      2.001    22.1874   0.285945    8.76221 8.6322e+02      9.515      95.43     1.0853    76.2360      2.846      24.11 7.2039e-01    302.955 1.7452e+03  1.3614164  22.076923  0.000e+00
      1.947    22.1865   0.285854    8.76204 8.7545e+02      9.520      89.89     1.0840    76.2622      2.769      24.11 7.6557e-01    302.864 1.7452e+03  1.3614164  22.076923  0.000e+00
      2.001    22.1859   0.285854    8.76747 8.8038e+02      9.515      88.28     1.0853    76.2360      2.846      24.11 8.1197e-01    302.868 1.7452e+03  1.3614164  22.076923  0.000e+00
      1.923    22.1872   0.285915    8.76712 8.8286e+02      9.520      88.42     1.0840    76.2622      2.735      24.11 7.9243e-01    302.924 1.7452e+03  1.3614164  22.076923  0.000e+00
      2.001    22.1900   0.285854    8.76662 8.8535e+02      9.519      88.67     1.0840    76.2622      2.846      24.11 7.4603e-01    302.842 1.7452e+03  1.3614164  22.076923  0.000e+00
      1.884    22.1930   0.285854    8.76615 8.8286e+02      9.519      88.72     1.0840    76.2622      2.680      24.11 7.1673e-01    302.823 1.7433e+03  1.3614164  22.076923  0.000e+00
      2.001    22.1957   0.285976    8.76562 8.7299e+02      9.519      88.72     1.0840    76.2622      2.846      24.11 7.1551e-01    302.934 1.7433e+03  1.3614164  22.076923  0.000e+00
      1.947    22.1978   0.285854    8.75944 8.6809e+02      9.519      88.72     1.0840    76.2622      2.769      24.11 7.0452e-01    302.791 1.7433e+03  1.3614164  22.076923  0.000e+00
      1.923    22.1978   0.285885    8.75892 8.5357e+02      9.519      88.72     1.0840    76.2622      2.735      24.11 6.9841e-01    302.824 1.7433e+03  1.3614164  22.076923  0.000e+00
      2.056    22.1980   0.285945    8.76407 7.9339e+02      9.519      88.69     1.0853    76.2360      2.924      24.11 7.0085e-01    302.887 1.7433e+03  1.3614164  22.076923  0.000e+00
      2.001    22.1973   0.286037    8.76356 7.7140e+02      9.519      88.72     1.0853    76.2360      2.846      24.11 7.1673e-01    302.988 1.7433e+03  1.3614164  22.076923  0.000e+00
      2.056    22.1978   0.285915    8.76290 7.6923e+02      9.519      88.72     1.0853    76.2360      2.924      24.11 7.2650e-01    302.856 1.7433e+03  1.3614164  22.076923  0.000e+00
      1.861    22.1963   0.285915    8.76231 7.7575e+02      9.519      88.72     1.0853    76.2360      2.647      24.11 7.3016e-01    302.866 1.7433e+03  1.3614164  22.076923  0.000e+00
      2.056    22.1945   0.285702    8.76243 7.7793e+02      9.524      88.72     1.0840    76.2622      2.924      24.11 7.3871e-01    302.651 1.7433e+03  1.3614164  22.076923  0.000e+00
      1.947    22.1924   0.285976    8.76193 7.7793e+02      9.524      88.72     1.0840    76.2622      2.769      24.11 7.3748e-01    302.955 1.7433e+03  1.3614164  22.076923  0.000e+00
      2.001    22.1912   0.285732    8.76172 7.6277e+02      9.524      94.02     1.0853    76.2360      2.846      24.11 7.1917e-01    302.705 1.7433e+03  1.3614164  22.076923  0.000e+00
      1.978    22.1903   0.285732    8.76163 7.5424e+02      9.524      98.27     1.0853    76.2360      2.813      24.11 7.0696e-01    302.711 1.7433e+03  1.3614164  22.076923  0.000e+00
      1.947    22.1893   0.285854    8.76153 7.5212e+02      9.524      99.02     1.0853    76.2360      2.769      24.11 7.2283e-01    302.846 1.7414e+03  1.3614164  22.076923  0.000e+00
      2.001    22.1863   0.285793    8.76186 7.4580e+02      9.529      98.75     1.0853    76.2360      2.846      24.11 7.2650e-01    302.801 1.7414e+03  1.3614164  22.076923  0.000e+00
